1692361654.032146 -1.2992 -9.9238 1.0591 0 0 0 0
1692361654.1280515 -1.2991 -9.9237 1.0592 0 0 0 0
1692361654.2720044 -1.2993 -9.9239 1.0591 0 0 0 0
1692361654.3839254 -1.2992 -9.9238 1.0591 0 0 0 0
1692361654.6398962 -1.2991 -9.9237 1.0592 0 0 0 0
1692361654.863858 -1.2992 -9.9238 1.0591 0 0 0 0
1692361655.0239654 -1.2994 -9.924 1.0591 0 0 0 0
1692361655.151804 -1.2992 -9.9238 1.0591 0 0 0 0
1692361655.2797785 -1.2994 -9.924 1.0591 0 0 0 0
1692361655.375715 -1.2992 -9.9238 1.0591 0 0 0 0
1692361655.6317053 -1.2993 -9.9239 1.0591 0 0 0 0
1692361655.743672 -1.2994 -9.9239 1.0591 0 0 0 0
1692361656.015675 -1.2993 -9.9239 1.0591 0 0 0 0
1692361656.1436195 -1.2993 -9.9239 1.0591 0 0 0 0
1692361656.3035836 -1.2994 -9.9239 1.0591 0 0 0 0
1692361656.447448 -1.2994 -9.924 1.0591 0 0 0 0
1692361657.231322 -1.2991 -9.9237 1.0591 0 0 0 0
1692361657.4232645 -1.2993 -9.9239 1.0591 0 0 0 0
1692361657.6142948 -1.2993 -9.9239 1.0591 0 0 0 0
1692361657.7262292 -1.2993 -9.9239 1.0591 0 0 0 0
1692361657.8222325 -1.2993 -9.9239 1.0591 0 0 0 0
1692361657.9662137 -1.2993 -9.9239 1.0591 0 0 0 0
1692361658.1742136 -1.2995 -9.9241 1.059 0 0 0 0
1692361658.3021832 -1.2995 -9.924 1.059 0 0 0 0
1692361658.463119 -1.2995 -9.9241 1.059 0 0 0 0
1692361658.6070704 -1.2995 -9.9241 1.059 0 0 0 0
1692361658.8630357 -1.2994 -9.924 1.059 0 0 0 0
1692361658.9750142 -1.2994 -9.924 1.059 0 0 0 0
1692361659.1349688 -1.2996 -9.9242 1.059 0 0 0 0
1692361659.2629528 -1.2995 -9.9241 1.059 0 0 0 0
1692361659.4229493 -1.2993 -9.9239 1.0591 0 0 0 0
1692361659.567107 -1.2994 -9.924 1.0591 0 0 0 0
1692361659.6950722 -1.2995 -9.924 1.059 0 0 0 0
1692361659.8710756 -1.2995 -9.924 1.059 0 0 0 0
1692361660.0469935 -1.2994 -9.924 1.059 0 0 0 0
1692361660.20699 -1.2996 -9.9242 1.059 0 0 0 0
1692361660.3989472 -1.2995 -9.9241 1.059 0 0 0 0
1692361660.5749016 -1.2992 -9.9239 1.0591 0 0 0 0
1692361660.7024765 -1.2993 -9.9239 1.0591 0 0 0 0
1692361660.830449 -1.2995 -9.9241 1.059 0 0 0 0
1692361661.1024053 -1.2994 -9.9241 1.059 0 0 0 0
1692361661.230368 -1.2992 -9.9238 1.0591 0 0 0 0
1692361661.3423896 -1.2992 -9.9239 1.0591 0 0 0 0
1692361661.4863224 -1.2993 -9.9238 1.0591 0 0 0 0
1692361661.5823717 -1.2994 -9.924 1.059 0 0 0 0
1692361661.8066435 -1.2995 -9.924 1.059 0 0 0 0
1692361662.5585625 -1.2993 -9.924 1.0591 0 0 0 0
1692361662.6862676 -1.2992 -9.9237 1.0591 0 0 0 0
1692361662.8142414 -1.2993 -9.9238 1.0591 0 0 0 0
1692361663.054194 -1.2993 -9.9239 1.0591 0 0 0 0
1692361663.2141838 -1.2995 -9.9241 1.059 0 0 0 0
1692361663.3741324 -1.2993 -9.9239 1.0591 0 0 0 0
1692361663.502077 -1.2995 -9.924 1.059 0 0 0 0
1692361663.614077 -1.2993 -9.9239 1.0591 0 0 0 0
1692361663.7103486 -1.2993 -9.9239 1.0591 0 0 0 0
1692361663.8543231 -1.2993 -9.9238 1.0591 0 0 0 0
1692361664.0463142 -1.2993 -9.9239 1.0591 0 0 0 0
1692361664.1742797 -1.2994 -9.924 1.0591 0 0 0 0
1692361664.398239 -1.2993 -9.9239 1.0591 0 0 0 0
1692361664.5102143 -1.2995 -9.924 1.059 0 0 0 0
1692361664.670137 -1.2994 -9.924 1.0591 0 0 0 0
1692361664.781799 -1.2995 -9.924 1.059 0 0 0 0
1692361664.909747 -1.2992 -9.9237 1.0591 0 0 0 0
1692361665.1177669 -1.2993 -9.9238 1.0591 0 0 0 0
1692361665.2296894 -1.2994 -9.924 1.0591 0 0 0 0
1692361665.373694 -1.2994 -9.924 1.059 0 0 0 0
1692361665.5016048 -1.2993 -9.9238 1.0591 0 0 0 0
1692361665.6136107 -1.2992 -9.9238 1.0591 0 0 0 0
1692361665.7897668 -1.2991 -9.9237 1.0591 0 0 0 0
1692361665.965752 -1.2991 -9.9237 1.0591 0 0 0 0
1692361666.1897256 -1.2993 -9.9239 1.0591 0 0 0 0
1692361666.349679 -1.2994 -9.924 1.059 0 0 0 0
1692361666.4617634 -1.2994 -9.9239 1.059 0 0 0 0
1692361666.6536362 -1.301 -9.9246 1.0591 0 0 0 0
1692361666.7976933 -1.3062 -9.9261 1.0593 0 0 0 0
1692361666.9096673 -1.3233 -9.933 1.0611 0 0 0 0
1692361667.1176188 -1.3472 -9.9446 1.0634 0 0 0 0
1692361667.213627 -1.3567 -9.9509 1.0646 0 0 0 0
1692361667.3576002 -1.3666 -9.9566 1.0656 0 0 0 0
1692361667.5015686 -1.3962 -9.9678 1.067 0 0 0 0
1692361667.661559 -1.4709 -9.9919 1.0707 0 0 0 0
1692361667.7895596 -1.4883 -9.9973 1.0701 0 0 0 0
1692361667.932611 -1.5159 -10.0034 1.0694 0 0 0 0
1692361668.092602 -1.5524 -10.0101 1.0697 0 0 0 0
1692361668.2195432 -1.5889 -10.0164 1.0713 0 0 0 0
1692361668.3795133 -1.6246 -10.0169 1.0722 0 0 0 0
1692361668.529559 -1.6679 -10.0328 1.0723 0 0 0 0
1692361668.641506 -1.7167 -10.052 1.0686 0 0 0 0
1692361668.7784564 -1.7332 -10.0569 1.0671 0 0 0 0
1692361668.8914156 -1.7547 -10.0632 1.0645 0 0 0 0
1692361669.0403783 -1.7964 -10.0822 1.061 0 0 0 0
1692361669.1813552 -1.8266 -10.0854 1.0613 0 0 0 0
1692361669.3033292 -1.851 -10.0936 1.0613 0 0 0 0
1692361669.442276 -1.8856 -10.102 1.0622 0 0 0 0
1692361669.5793507 -1.9031 -10.1033 1.0601 0 0 0 0
1692361669.7232623 -1.9377 -10.1079 1.0618 0 0 0 0
1692361669.9091616 -2.0262 -10.1323 1.0662 0 0 0 0
1692361670.0211723 -2.052 -10.1362 1.0657 0 0 0 0
1692361670.1540985 -2.079 -10.1384 1.0653 0 0 0 0
1692361670.8519914 -2.2956 -10.2028 1.0646 0 0 0 0
1692361671.0070486 -2.3397 -10.2113 1.0627 0 0 0 0
1692361671.1829834 -2.3867 -10.2287 1.064 0 0 0 0
1692361671.3889334 -2.4174 -10.2431 1.0646 0 0 0 0
1692361671.5169313 -2.4972 -10.2772 1.0645 0 0 0 0
1692361671.659896 -2.5469 -10.293 1.066 0 0 0 0
1692361671.8358743 -2.6151 -10.3323 1.0659 0 0 0 0
1692361671.9638429 -2.6524 -10.3533 1.0653 0 0 0 0
1692361672.107844 -2.6678 -10.3669 1.0635 0 0 0 0
1692361672.2927692 -2.7065 -10.3935 1.0608 0 0 0 0
1692361672.428773 -2.7572 -10.424 1.0622 0 0 0 0
1692361672.596737 -2.8152 -10.4554 1.0612 0 0 0 0
1692361672.7567215 -2.8557 -10.4798 1.0603 0 0 0 0
1692361672.852731 -2.8834 -10.5012 1.0608 0 0 0 0
1692361673.01864 -2.9109 -10.5243 1.0578 0 0 0 0
1692361673.28061 -2.9722 -10.5766 1.0572 0 0 0 0
1692361673.4015722 -3.005 -10.5998 1.0598 0 0 0 0
1692361673.5866082 -3.0764 -10.6668 1.0642 0 0 0 0
1692361673.7235122 -3.1132 -10.6994 1.0661 0 0 0 0
1692361673.8564868 -3.1484 -10.7408 1.0667 0 0 0 0
1692361674.0134635 -3.1716 -10.7632 1.0668 0 0 0 0
1692361674.1724622 -3.192 -10.7753 1.0706 0 0 0 0
1692361674.321411 -3.2293 -10.8166 1.074 0 0 0 0
1692361674.4313974 -3.285 -10.872 1.0795 0 0 0 0
1692361674.6303475 -3.339 -10.9449 1.085 0 0 0 0
1692361674.818298 -3.3757 -10.9829 1.0883 0 0 0 0
1692361674.993251 -3.4328 -11.0443 1.0857 0 0 0 0
1692361675.2132225 -3.4944 -11.1219 1.0923 0 0 0 0
1692361675.337185 -3.5267 -11.167 1.0965 0 0 0 0
1692361675.4541562 -3.5572 -11.219 1.1006 0 0 0 0
1692361675.655154 -3.5922 -11.2876 1.0995 0 0 0 0
1692361675.824083 -3.6066 -11.3256 1.1008 0 0 0 0
1692361675.9490688 -3.6383 -11.3788 1.1036 0 0 0 0
1692361676.0920763 -3.6693 -11.4327 1.1085 0 0 0 0
1692361676.2340322 -3.6838 -11.4696 1.1095 0 0 0 0
1692361676.4679828 -3.7055 -11.5428 1.108 0 0 0 0
1692361676.6119933 -3.7251 -11.5806 1.1083 0 0 0 0
1692361676.7719383 -3.7882 -11.693 1.1136 0 0 0 0
1692361676.9698992 -3.8126 -11.7325 1.1192 0 0 0 0
1692361677.1458936 -3.8306 -11.772 1.1211 0 0 0 0
1692361677.2818751 -3.8507 -11.8155 1.1204 0 0 0 0
1692361677.4528356 -3.8719 -11.8837 1.1139 0 0 0 0
1692361677.591784 -3.8927 -11.9386 1.1188 0 0 0 0
1692361677.8407388 -3.9475 -12.0354 1.1283 0 0 0 0
1692361677.9927597 -3.9782 -12.0704 1.1337 0 0 0 0
1692361678.1186988 -4.0018 -12.1153 1.1338 0 0 0 0
1692361678.2307005 -4.0276 -12.1458 1.1349 0 0 0 0
1692361678.399646 -4.0692 -12.1742 1.1388 0 0 0 0
1692361678.5586305 -4.1176 -12.1975 1.1417 0 0 0 0
1692361678.6546354 -4.1589 -12.2152 1.1391 0 0 0 0
1692361678.8145857 -4.2669 -12.247 1.1443 0 0 0 0
1692361679.0065548 -4.348 -12.2738 1.1453 0 0 0 0
1692361679.162532 -4.4037 -12.2964 1.1474 0 0 0 0
1692361679.2905598 -4.4498 -12.3108 1.1488 0 0 0 0
1692361679.4554873 -4.4944 -12.3241 1.1499 0 0 0 0
1692361679.5964603 -4.541 -12.3386 1.1531 0 0 0 0
1692361679.831442 -4.6291 -12.3786 1.1571 0 0 0 0
1692361679.9643877 -4.6819 -12.3947 1.1576 0 0 0 0
1692361680.1653275 -4.7674 -12.4268 1.1586 0 0 0 0
1692361680.2933347 -4.8094 -12.4426 1.1585 0 0 0 0
1692361680.446293 -4.8486 -12.4585 1.1597 0 0 0 0
1692361680.622357 -4.9488 -12.4948 1.1593 0 0 0 0
1692361680.7732272 -4.9921 -12.505 1.1621 0 0 0 0
1692361680.8852396 -5.0506 -12.5119 1.1633 0 0 0 0
1692361681.0861337 -5.0932 -12.522 1.1664 0 0 0 0
1692361681.209111 -5.1192 -12.5429 1.1668 0 0 0 0
1692361681.302091 -5.1713 -12.56 1.1709 0 0 0 0
1692361681.446056 -5.2335 -12.5925 1.171 0 0 0 0
1692361681.5520277 -5.28 -12.6061 1.1691 0 0 0 0
1692361681.6480403 -5.3368 -12.6186 1.17 0 0 0 0
1692361681.7760258 -5.4107 -12.6479 1.1748 0 0 0 0
1692361681.914956 -5.4908 -12.6782 1.1737 0 0 0 0
1692361682.074949 -5.5439 -12.697 1.169 0 0 0 0
1692361682.2419157 -5.5977 -12.7114 1.1581 0 0 0 0
1692361682.3379242 -5.6644 -12.7209 1.1481 0 0 0 0
1692361683.1217835 -5.9084 -12.8024 1.1294 0 0 0 0
1692361683.2977264 -5.9447 -12.8085 1.1265 0 0 0 0
1692361683.409726 -5.9993 -12.8244 1.123 0 0 0 0
1692361683.6427062 -6.0601 -12.8462 1.1178 0 0 0 0
1692361683.8506536 -6.1309 -12.8718 1.1175 0 0 0 0
1692361683.9936118 -6.175 -12.8854 1.1169 0 0 0 0
1692361684.2105727 -6.2412 -12.9016 1.1135 0 0 0 0
1692361684.3205547 -6.284 -12.9134 1.1133 0 0 0 0
1692361684.4485247 -6.3154 -12.9281 1.1128 0 0 0 0
1692361684.6554906 -6.3509 -12.9419 1.1106 0 0 0 0
1692361684.8624558 -6.416 -12.9499 1.1065 0 0 0 0
1692361685.0284157 -6.4532 -12.9397 1.1076 0 0 0 0
1692361685.1613183 -6.4883 -12.9356 1.1051 0 0 0 0
1692361685.305318 -6.5463 -12.9203 1.1011 0 0 0 0
1692361685.5773437 -6.5943 -12.8956 1.1003 0 0 0 0
1692361685.711222 -6.6268 -12.8732 1.1014 0 0 0 0
1692361685.8712249 -6.6554 -12.8474 1.1042 0 0 0 0
1692361685.9921792 -6.684 -12.8268 1.1025 0 0 0 0
1692361686.1041837 -6.7058 -12.7983 1.1027 0 0 0 0
1692361686.2632456 -6.7229 -12.7688 1.1026 0 0 0 0
1692361686.4072747 -6.7326 -12.7424 1.1015 0 0 0 0
1692361686.5481808 -6.7717 -12.6576 1.1049 0 0 0 0
1692361686.6602533 -6.7817 -12.6069 1.1038 0 0 0 0
1692361686.8671455 -6.7891 -12.5796 1.1007 0 0 0 0
1692361687.0511136 -6.8193 -12.487 1.1033 0 0 0 0
1692361687.2082438 -6.8421 -12.4361 1.1071 0 0 0 0
1692361687.442176 -6.8724 -12.3486 1.1011 0 0 0 0
1692361687.538193 -6.8937 -12.3061 1.1009 0 0 0 0
1692361687.6821594 -6.9085 -12.2496 1.1022 0 0 0 0
1692361687.8531113 -6.9248 -12.1974 1.1056 0 0 0 0
1692361687.961094 -6.9419 -12.145 1.1054 0 0 0 0
1692361688.0830655 -6.9559 -12.1086 1.1007 0 0 0 0
1692361688.1780443 -6.9679 -12.0668 1.0998 0 0 0 0
1692361688.3308678 -6.9967 -12.0127 1.1004 0 0 0 0
1692361688.458903 -7.0069 -11.9694 1.0979 0 0 0 0
1692361688.5709116 -7.0287 -11.9326 1.0959 0 0 0 0
1692361688.8177965 -7.0706 -11.8213 1.0918 0 0 0 0
1692361688.8978312 -7.0897 -11.7718 1.092 0 0 0 0
1692361689.1597302 -7.1104 -11.7057 1.0889 0 0 0 0
1692361689.2877412 -7.1349 -11.6175 1.0809 0 0 0 0
1692361689.431662 -7.1493 -11.5754 1.0764 0 0 0 0
1692361689.6056209 -7.1662 -11.504 1.0718 0 0 0 0
1692361689.738592 -7.1712 -11.4649 1.062 0 0 0 0
1692361689.8725514 -7.1832 -11.4355 1.0588 0 0 0 0
1692361690.0215914 -7.2082 -11.3923 1.0571 0 0 0 0
1692361690.1175978 -7.2346 -11.3403 1.0544 0 0 0 0
1692361690.277546 -7.2473 -11.2872 1.0493 0 0 0 0
1692361690.4516876 -7.2787 -11.2077 1.042 0 0 0 0
1692361690.6066532 -7.3027 -11.1666 1.0389 0 0 0 0
1692361690.7886257 -7.3391 -11.0827 1.0334 0 0 0 0
1692361690.921579 -7.3567 -11.0535 1.0306 0 0 0 0
1692361691.1245737 -7.3807 -11.01 1.0266 0 0 0 0
1692361691.226526 -7.4109 -10.9668 1.0268 0 0 0 0
1692361691.4092662 -7.459 -10.8881 1.0223 0 0 0 0
1692361691.585238 -7.4948 -10.8423 1.0202 0 0 0 0
1692361691.805205 -7.5624 -10.749 1.0167 0 0 0 0
1692361691.9711754 -7.5975 -10.7191 1.0155 0 0 0 0
1692361692.0671852 -7.6261 -10.6836 1.0133 0 0 0 0
1692361692.223101 -7.6529 -10.6395 1.0124 0 0 0 0
1692361692.4309947 -7.723 -10.5662 1.0079 0 0 0 0
1692361692.586989 -7.7603 -10.5259 1.0035 0 0 0 0
1692361692.6669073 -7.7993 -10.4992 1.0009 0 0 0 0
1692361692.7949235 -7.8339 -10.4658 1.0006 0 0 0 0
1692361693.0108464 -7.9111 -10.4022 1.0011 0 0 0 0
1692361693.1598148 -7.9111 -10.4022 1.0011 0 0 0 0
1692361693.3838644 -8.0237 -10.3337 0.992 0 0 0 0
1692361693.524843 -8.074 -10.3142 0.9901 0 0 0 0
1692361693.6368563 -8.1087 -10.2911 0.9876 0 0 0 0
1692361693.756808 -8.153 -10.2672 0.9869 0 0 0 0
1692361693.922743 -8.2016 -10.2512 0.9878 0 0 0 0
1692361694.0467415 -8.2421 -10.2362 0.9864 0 0 0 0
1692361694.1867046 -8.2932 -10.2298 0.9875 0 0 0 0
1692361694.3216827 -8.3527 -10.2197 0.9873 0 0 0 0
1692361694.4568028 -8.4356 -10.2026 0.9865 0 0 0 0
1692361694.6247892 -8.4755 -10.2073 0.9877 0 0 0 0
1692361694.7367744 -8.5131 -10.2095 0.9849 0 0 0 0
1692361695.494587 -8.8087 -10.225 0.9887 0 0 0 0
1692361695.6224933 -8.8748 -10.2343 0.9874 0 0 0 0
1692361695.8384182 -8.9204 -10.2274 0.9874 0 0 0 0
1692361695.934447 -8.9522 -10.233 0.9876 0 0 0 0
1692361696.0853925 -8.9924 -10.238 0.99 0 0 0 0
1692361696.2454004 -9.0826 -10.2424 0.9885 0 0 0 0
1692361696.4491992 -9.1186 -10.2481 0.9864 0 0 0 0
1692361696.6631255 -9.2226 -10.2584 0.9826 0 0 0 0
1692361696.7750945 -9.2702 -10.2648 0.9822 0 0 0 0
1692361696.950071 -9.3089 -10.2776 0.9806 0 0 0 0
1692361697.1390371 -9.3561 -10.2826 0.9759 0 0 0 0
1692361697.310985 -9.4487 -10.2998 0.973 0 0 0 0
1692361697.4930663 -9.5579 -10.3098 0.9761 0 0 0 0
1692361697.6950302 -9.669 -10.3251 0.9764 0 0 0 0
1692361697.8779695 -9.7027 -10.3323 0.9758 0 0 0 0
1692361698.0679522 -9.7869 -10.346 0.972 0 0 0 0
1692361698.2219195 -9.8301 -10.3563 0.9703 0 0 0 0
1692361698.3818834 -9.8765 -10.3715 0.9717 0 0 0 0
1692361698.5098388 -9.9395 -10.3807 0.973 0 0 0 0
1692361698.6349325 -9.993 -10.3842 0.9735 0 0 0 0
1692361698.8008876 -10.0835 -10.4003 0.9685 0 0 0 0
1692361698.9128993 -10.1308 -10.4084 0.9694 0 0 0 0
1692361699.113831 -10.187 -10.4239 0.9699 0 0 0 0
1692361699.209821 -10.2412 -10.4322 0.9695 0 0 0 0
1692361699.321802 -10.2733 -10.4431 0.9683 0 0 0 0
1692361699.4337883 -10.3191 -10.4497 0.9675 0 0 0 0
1692361699.6818438 -10.4076 -10.4687 0.964 0 0 0 0
1692361699.8357742 -10.4452 -10.4738 0.9613 0 0 0 0
1692361699.9307642 -10.5026 -10.4616 0.963 0 0 0 0
1692361700.0707555 -10.5453 -10.4604 0.9607 0 0 0 0
1692361700.188702 -10.5886 -10.4538 0.9617 0 0 0 0
1692361700.331699 -10.6482 -10.4429 0.9629 0 0 0 0
1692361700.4716468 -10.6918 -10.4185 0.9632 0 0 0 0
1692361700.5817208 -10.7244 -10.399 0.9611 0 0 0 0
1692361700.6846476 -10.7578 -10.3804 0.9578 0 0 0 0
1692361700.7966526 -10.7877 -10.3625 0.9557 0 0 0 0
1692361700.9386008 -10.8234 -10.3193 0.9564 0 0 0 0
1692361701.0825918 -10.8563 -10.2637 0.9566 0 0 0 0
1692361701.2265873 -10.8819 -10.2355 0.9542 0 0 0 0
1692361701.426516 -10.8956 -10.2017 0.9545 0 0 0 0
1692361701.5383663 -10.9226 -10.1599 0.9513 0 0 0 0
1692361701.7373197 -10.9289 -10.1425 0.9507 0 0 0 0
1692361701.855275 -10.9386 -10.1081 0.9506 0 0 0 0
1692361702.040282 -10.9359 -10.0416 0.9512 0 0 0 0
1692361702.1782298 -10.9311 -9.9975 0.9501 0 0 0 0
1692361702.3151965 -10.9294 -9.9688 0.9498 0 0 0 0
1692361702.4752097 -10.9267 -9.9299 0.9503 0 0 0 0
1692361702.6751883 -10.9248 -9.8483 0.9506 0 0 0 0
1692361702.8432083 -10.9267 -9.8195 0.949 0 0 0 0
1692361702.9871411 -10.9247 -9.7467 0.9449 0 0 0 0
1692361703.2050874 -10.9212 -9.7127 0.9432 0 0 0 0
1692361703.3650556 -10.9185 -9.6879 0.942 0 0 0 0
1692361703.4929657 -10.9209 -9.6582 0.9419 0 0 0 0
1692361703.6370366 -10.9222 -9.6226 0.9412 0 0 0 0
1692361703.74902 -10.922 -9.5974 0.9403 0 0 0 0
1692361703.8829603 -10.9232 -9.5937 0.94 0 0 0 0
1692361704.002967 -10.9237 -9.5967 0.9394 0 0 0 0
1692361704.1289458 -10.9256 -9.5947 0.9394 0 0 0 0
1692361704.272977 -10.9333 -9.5924 0.9383 0 0 0 0
1692361704.4329257 -10.9283 -9.5869 0.939 0 0 0 0
1692361704.5578582 -10.9139 -9.5648 0.9375 0 0 0 0
1692361704.8189082 -10.8465 -9.4968 0.9411 0 0 0 0
1692361705.010904 -10.8042 -9.466 0.9433 0 0 0 0
1692361705.217784 -10.7194 -9.406 0.9495 0 0 0 0
1692361705.3138237 -10.6865 -9.3822 0.9521 0 0 0 0
1692361705.4717946 -10.6481 -9.3558 0.9543 0 0 0 0
1692361705.591774 -10.606 -9.329 0.9545 0 0 0 0
1692361705.6877098 -10.5661 -9.3106 0.9531 0 0 0 0
1692361705.8366723 -10.5372 -9.2923 0.9522 0 0 0 0
1692361705.9787123 -10.4918 -9.2667 0.9568 0 0 0 0
1692361714.5848691 -7.4541 -8.4742 0.9878 0 0 0 0
1692361714.7128255 -7.4021 -8.4677 0.9891 0 0 0 0
1692361714.8568273 -7.3491 -8.456 0.9912 0 0 0 0
1692361715.0167663 -7.2425 -8.4448 0.9942 0 0 0 0
1692361715.1929803 -7.2063 -8.4339 0.9927 0 0 0 0
1692361715.3049765 -7.159 -8.4259 0.9921 0 0 0 0
1692361715.4489365 -7.1109 -8.4138 0.9923 0 0 0 0
1692361715.6728494 -7.0139 -8.4021 0.9924 0 0 0 0
1692361715.8168726 -6.9695 -8.3924 0.9924 0 0 0 0
1692361715.944841 -6.9272 -8.3804 0.9909 0 0 0 0
1692361716.056811 -6.8859 -8.3671 0.991 0 0 0 0
1692361716.1848283 -6.8389 -8.3562 0.992 0 0 0 0
1692361716.344777 -6.7983 -8.3448 0.9921 0 0 0 0
1692361716.520736 -6.7225 -8.3208 0.9902 0 0 0 0
1692361716.7127318 -6.6799 -8.3133 0.9917 0 0 0 0
1692361716.872682 -6.6301 -8.3011 0.9931 0 0 0 0
1692361717.016647 -6.541 -8.2733 0.9954 0 0 0 0
1692361717.2086024 -6.4516 -8.2526 0.996 0 0 0 0
1692361717.3207092 -6.3978 -8.24 1.0 0 0 0 0
1692361717.4805057 -6.3157 -8.212 0.998 0 0 0 0
1692361717.6405065 -6.2804 -8.2018 0.9992 0 0 0 0
1692361717.7844803 -6.2286 -8.1958 1.0018 0 0 0 0
1692361717.9124322 -6.1733 -8.1825 1.0005 0 0 0 0
1692361718.0724208 -6.1285 -8.1667 1.0012 0 0 0 0
1692361718.1844137 -6.0876 -8.1602 1.0033 0 0 0 0
1692361718.408389 -5.9929 -8.1406 1.004 0 0 0 0
1692361718.5203953 -5.9432 -8.1236 1.0073 0 0 0 0
1692361718.6483362 -5.8933 -8.1065 1.007 0 0 0 0
1692361718.7762845 -5.8527 -8.0955 1.0073 0 0 0 0
1692361718.888291 -5.8201 -8.0863 1.0073 0 0 0 0
1692361719.0162358 -5.7748 -8.074 1.0072 0 0 0 0
1692361719.2561452 -5.6832 -8.049 1.0091 0 0 0 0
1692361719.4640963 -5.5947 -8.0276 1.0132 0 0 0 0
1692361719.6400838 -5.5486 -8.0132 1.0142 0 0 0 0
1692361719.7840655 -5.4976 -7.9948 1.0154 0 0 0 0
1692361719.896029 -5.4293 -7.9786 1.0147 0 0 0 0
1692361720.056005 -5.3881 -7.9701 1.0154 0 0 0 0
1692361720.215912 -5.3033 -7.9497 1.0158 0 0 0 0
1692361720.3415549 -5.2664 -7.9423 1.0212 0 0 0 0
1692361720.4695013 -5.2033 -7.9287 1.0244 0 0 0 0
1692361720.613465 -5.1408 -7.9089 1.0271 0 0 0 0
1692361720.7734246 -5.1031 -7.9046 1.0273 0 0 0 0
1692361720.869453 -5.078 -7.8969 1.0273 0 0 0 0
1692361720.9814198 -5.0313 -7.8892 1.0313 0 0 0 0
1692361721.1573842 -4.9455 -7.8662 1.0329 0 0 0 0
1692361721.3197446 -4.9024 -7.8601 1.0362 0 0 0 0
1692361721.463729 -4.843 -7.851 1.0394 0 0 0 0
1692361721.6237528 -4.7545 -7.8239 1.0406 0 0 0 0
1692361721.767695 -4.7094 -7.8139 1.0436 0 0 0 0
1692361721.91166 -4.6556 -7.8002 1.0459 0 0 0 0
1692361722.039635 -4.6054 -7.7878 1.0466 0 0 0 0
1692361722.2635975 -4.5122 -7.7713 1.0491 0 0 0 0
1692361722.407547 -4.5122 -7.7713 1.0491 0 0 0 0
1692361722.5195155 -4.4247 -7.7374 1.0463 0 0 0 0
1692361722.679525 -4.3504 -7.7224 1.0475 0 0 0 0
1692361722.8555048 -4.2926 -7.7092 1.0477 0 0 0 0
1692361723.0954337 -4.2027 -7.6943 1.0495 0 0 0 0
1692361723.207422 -4.1651 -7.6824 1.0486 0 0 0 0
1692361723.415392 -4.0837 -7.6646 1.0511 0 0 0 0
1692361723.5424626 -4.0262 -7.6485 1.0536 0 0 0 0
1692361723.6544192 -3.9849 -7.6308 1.0532 0 0 0 0
1692361723.8303857 -3.9538 -7.6258 1.0505 0 0 0 0
1692361724.0063658 -3.8569 -7.6093 1.0539 0 0 0 0
1692361724.18233 -3.7458 -7.5738 1.0595 0 0 0 0
1692361724.326303 -3.7093 -7.563 1.0583 0 0 0 0
1692361724.4382708 -3.6771 -7.5613 1.0577 0 0 0 0
1692361724.7112305 -3.5678 -7.5304 1.0606 0 0 0 0
1692361724.8551798 -3.5207 -7.5126 1.0602 0 0 0 0
1692361725.0470998 -3.487 -7.4958 1.0593 0 0 0 0
1692361725.239066 -3.4592 -7.4894 1.0582 0 0 0 0
1692361725.4150534 -3.3226 -7.4564 1.0565 0 0 0 0
1692361725.5910404 -3.2702 -7.4498 1.0572 0 0 0 0
1692361725.7030125 -3.2218 -7.4338 1.0591 0 0 0 0
1692361725.86298 -3.1272 -7.4135 1.0611 0 0 0 0
1692361725.99096 -3.0849 -7.399 1.061 0 0 0 0
1692361726.630669 -2.8178 -7.3105 1.0584 0 0 0 0
1692361726.8066216 -2.7789 -7.3024 1.0551 0 0 0 0
1692361726.9506412 -2.737 -7.2873 1.0567 0 0 0 0
1692361727.1905706 -2.6928 -7.2676 1.058 0 0 0 0
1692361727.4145167 -2.5632 -7.2229 1.0495 0 0 0 0
1692361727.5424745 -2.5238 -7.2129 1.0497 0 0 0 0
1692361727.6706328 -2.4809 -7.1965 1.0532 0 0 0 0
1692361727.8306184 -2.3953 -7.1516 1.0572 0 0 0 0
1692361728.0066097 -2.3502 -7.1275 1.0598 0 0 0 0
1692361728.182554 -2.297 -7.1054 1.06 0 0 0 0
1692361728.326515 -2.2551 -7.089 1.0578 0 0 0 0
1692361728.4544785 -2.1826 -7.0587 1.0585 0 0 0 0
1692361728.6303885 -2.1312 -7.0405 1.0615 0 0 0 0
1692361728.774345 -2.046 -7.0075 1.0608 0 0 0 0
1692361728.8703492 -2.0017 -6.9857 1.0624 0 0 0 0
1692361729.0142927 -1.9624 -6.9687 1.0627 0 0 0 0
1692361729.2382283 -1.9193 -6.9447 1.0627 0 0 0 0
1692361729.430239 -1.8402 -6.9115 1.0596 0 0 0 0
1692361729.5742264 -1.7951 -6.8941 1.0612 0 0 0 0
1692361729.7182748 -1.7106 -6.8591 1.0667 0 0 0 0
1692361729.9102206 -1.664 -6.8444 1.065 0 0 0 0
1692361730.0542042 -1.5984 -6.8175 1.0658 0 0 0 0
1692361730.1501846 -1.5523 -6.797 1.0687 0 0 0 0
1692361730.2781644 -1.5125 -6.7725 1.0689 0 0 0 0
1692361730.4541268 -1.4921 -6.7616 1.0693 0 0 0 0
1692361730.6299872 -1.4707 -6.7386 1.0708 0 0 0 0
1692361730.7579367 -1.421 -6.6617 1.0726 0 0 0 0
1692361730.9020152 -1.4052 -6.6255 1.0732 0 0 0 0
1692361731.0298796 -1.3907 -6.5813 1.0735 0 0 0 0
1692361731.3018773 -1.3631 -6.4893 1.0731 0 0 0 0
1692361731.4458232 -1.362 -6.439 1.0733 0 0 0 0
1692361731.541815 -1.3648 -6.4006 1.0748 0 0 0 0
1692361731.6698115 -1.3659 -6.3485 1.0753 0 0 0 0
1692361731.82979 -1.3691 -6.299 1.0741 0 0 0 0
1692361732.0377388 -1.3848 -6.1641 1.0719 0 0 0 0
1692361732.1337123 -1.3997 -6.1043 1.0743 0 0 0 0
1692361732.2616732 -1.3995 -6.0682 1.0742 0 0 0 0
1692361732.4376662 -1.4028 -6.0236 1.0727 0 0 0 0
1692361732.5656643 -1.407 -5.9652 1.0715 0 0 0 0
1692361732.7255948 -1.4186 -5.9207 1.0683 0 0 0 0
1692361732.8535483 -1.4206 -5.8885 1.0681 0 0 0 0
1692361733.029506 -1.4302 -5.7843 1.0674 0 0 0 0
1692361733.237479 -1.4338 -5.7422 1.0673 0 0 0 0
1692361733.365445 -1.4395 -5.6585 1.0684 0 0 0 0
1692361733.5414343 -1.4467 -5.613 1.069 0 0 0 0
1692361733.6853971 -1.4592 -5.5856 1.0641 0 0 0 0
1692361733.8133955 -1.4604 -5.5683 1.0638 0 0 0 0
1692361734.085342 -1.4581 -5.533 1.0618 0 0 0 0
1692361734.2133126 -1.4509 -5.5063 1.0603 0 0 0 0
1692361734.4372587 -1.4025 -5.4318 1.0624 0 0 0 0
1692361734.5812273 -1.3758 -5.3951 1.0615 0 0 0 0
1692361734.7412128 -1.3514 -5.3699 1.0623 0 0 0 0
1692361734.8838603 -1.2688 -5.3115 1.068 0 0 0 0
1692361735.0598154 -1.2015 -5.2792 1.0682 0 0 0 0
1692361735.251789 -1.1657 -5.264 1.0709 0 0 0 0
1692361735.3797865 -1.1222 -5.2503 1.0714 0 0 0 0
1692361735.4917383 -1.0794 -5.2418 1.0733 0 0 0 0
1692361735.6037164 -1.034 -5.226 1.0746 0 0 0 0
1692361735.781005 -0.9895 -5.2111 1.075 0 0 0 0
1692361735.8769329 -0.8835 -5.1952 1.0767 0 0 0 0
1692361736.0049584 -0.8411 -5.1786 1.0782 0 0 0 0
1692361736.1969156 -0.802 -5.1731 1.0798 0 0 0 0
1692361736.3408778 -0.7626 -5.1598 1.0783 0 0 0 0
1692361736.4688678 -0.7192 -5.1418 1.0782 0 0 0 0
1692361736.5808258 -0.7105 -5.1391 1.0783 0 0 0 0
1692361736.868782 -0.7196 -5.1413 1.0766 0 0 0 0
1692361737.012811 -0.7123 -5.1407 1.0768 0 0 0 0
1692361737.1727283 -0.7005 -5.1458 1.0778 0 0 0 0
1692361737.3486989 -0.6589 -5.1538 1.0747 0 0 0 0
1692361737.4766495 -0.6156 -5.163 1.0706 0 0 0 0
1692361737.6046507 -0.5835 -5.181 1.0728 0 0 0 0
1692361737.796619 -0.5186 -5.2421 1.0757 0 0 0 0
1692361737.9406698 -0.4916 -5.2724 1.0745 0 0 0 0
1692361738.084618 -0.467 -5.2979 1.0739 0 0 0 0
1692361738.212622 -0.4458 -5.3397 1.0754 0 0 0 0
1692361738.3565283 -0.4225 -5.3802 1.0768 0 0 0 0
1692361738.995746 -0.3074 -5.6032 1.0693 0 0 0 0
1692361739.2197263 -0.2694 -5.6753 1.0697 0 0 0 0
1692361739.3477092 -0.2487 -5.7123 1.0696 0 0 0 0
1692361739.475647 -0.2287 -5.7594 1.0724 0 0 0 0
1692361739.587638 -0.2106 -5.7868 1.0735 0 0 0 0
1692361739.779592 -0.1798 -5.8592 1.077 0 0 0 0
1692361740.0202312 -0.1447 -5.9402 1.0766 0 0 0 0
1692361740.1321514 -0.1223 -5.9698 1.0794 0 0 0 0
1692361740.2921605 -0.099 -6.0095 1.0794 0 0 0 0
1692361740.4201517 -0.0798 -6.0642 1.0806 0 0 0 0
1692361740.612089 -0.0611 -6.1057 1.081 0 0 0 0
1692361740.8040724 -0.0426 -6.1412 1.0798 0 0 0 0
1692361740.9320526 -0.0072 -6.2194 1.0808 0 0 0 0
1692361741.1880174 0.052 -6.3285 1.0819 0 0 0 0
1692361741.3159451 0.077 -6.3755 1.0839 0 0 0 0
1692361741.443924 0.1072 -6.4225 1.0861 0 0 0 0
1692361741.571962 0.1289 -6.4615 1.0839 0 0 0 0
1692361741.6998515 0.1458 -6.4861 1.0813 0 0 0 0
1692361741.8278618 0.1735 -6.5093 1.0813 0 0 0 0
1692361742.0678508 0.2104 -6.5381 1.0828 0 0 0 0
1692361742.2118037 0.2957 -6.5772 1.0889 0 0 0 0
1692361742.3557937 0.346 -6.5826 1.0932 0 0 0 0
1692361742.4997523 0.3981 -6.5858 1.0947 0 0 0 0
1692361742.643728 0.4441 -6.5914 1.0943 0 0 0 0
1692361742.771696 0.5226 -6.582 1.0943 0 0 0 0
1692361742.9156618 0.5746 -6.5675 1.0988 0 0 0 0
1692361743.0436888 0.6216 -6.5613 1.0978 0 0 0 0
1692361743.1713097 0.7109 -6.5411 1.0978 0 0 0 0
1692361743.315346 0.7503 -6.5284 1.0978 0 0 0 0
1692361743.5072007 0.8069 -6.5152 1.1 0 0 0 0
1692361743.6671157 0.8989 -6.5041 1.1006 0 0 0 0
1692361743.811144 0.942 -6.4997 1.1007 0 0 0 0
1692361743.9551218 0.9858 -6.4956 1.1008 0 0 0 0
1692361744.0510998 1.0282 -6.4777 1.1047 0 0 0 0
1692361744.2114184 1.1121 -6.4597 1.1012 0 0 0 0
1692361744.371414 1.1536 -6.4458 1.1022 0 0 0 0
1692361744.5473533 1.1959 -6.4334 1.1032 0 0 0 0
1692361744.675323 1.2444 -6.4221 1.1046 0 0 0 0
1692361744.8512142 1.3166 -6.3796 1.1054 0 0 0 0
1692361745.0272636 1.4164 -6.3372 1.1069 0 0 0 0
1692361745.219102 1.4449 -6.3221 1.1056 0 0 0 0
1692361745.3630972 1.4761 -6.3044 1.1076 0 0 0 0
1692361745.4910328 1.5176 -6.2811 1.1091 0 0 0 0
1692361745.587042 1.5539 -6.2613 1.1096 0 0 0 0
1692361745.763042 1.5961 -6.2435 1.1101 0 0 0 0
1692361745.8910074 1.6489 -6.2166 1.1128 0 0 0 0
1692361746.0669827 1.726 -6.1813 1.1133 0 0 0 0
1692361746.2586796 1.7999 -6.1419 1.1137 0 0 0 0
1692361746.3386152 1.8434 -6.1252 1.1137 0 0 0 0
1692361746.4985914 1.8811 -6.106 1.1132 0 0 0 0
1692361746.642575 1.9196 -6.0804 1.1149 0 0 0 0
1692361746.7384858 1.9633 -6.0534 1.1149 0 0 0 0
1692361746.9624982 2.0347 -5.9922 1.1203 0 0 0 0
1692361747.154764 2.0751 -5.9457 1.122 0 0 0 0
1692361747.2667575 2.108 -5.9054 1.1225 0 0 0 0
1692361747.3627253 2.1288 -5.867 1.124 0 0 0 0
1692361747.5387113 2.1699 -5.7875 1.1215 0 0 0 0
1692361747.698642 2.1916 -5.7488 1.1206 0 0 0 0
1692361747.8426273 2.2067 -5.7052 1.1202 0 0 0 0
1692361748.0025928 2.2392 -5.6131 1.1193 0 0 0 0
1692361748.1625776 2.259 -5.5643 1.1194 0 0 0 0
1692361748.2906904 2.2722 -5.5164 1.1178 0 0 0 0
1692361748.4186575 2.2809 -5.4713 1.1159 0 0 0 0
1692361748.5466008 2.279 -5.4261 1.1144 0 0 0 0
1692361748.674597 2.2794 -5.3729 1.1111 0 0 0 0
1692361748.8025389 2.2732 -5.3169 1.1103 0 0 0 0
1692361749.0105507 2.2636 -5.2056 1.1032 0 0 0 0
1692361749.1705184 2.258 -5.1607 1.1018 0 0 0 0
1692361749.3145387 2.2505 -5.1222 1.1013 0 0 0 0
1692361749.4424562 2.2417 -5.0856 1.1018 0 0 0 0
1692361749.618395 2.2161 -4.9913 1.1013 0 0 0 0
1692361749.7304 2.2124 -4.9506 1.1013 0 0 0 0
1692361749.8903522 2.2077 -4.9271 1.1021 0 0 0 0
1692361750.0023606 2.2047 -4.9079 1.1028 0 0 0 0
1692361750.2103105 2.2054 -4.8775 1.1053 0 0 0 0
1692361750.3541667 2.2055 -4.856 1.1051 0 0 0 0
1692361750.5301597 2.2151 -4.8158 1.1065 0 0 0 0
1692361750.658136 2.2257 -4.765 1.1068 0 0 0 0
1692361751.8838048 2.6325 -4.4954 1.1151 0 0 0 0
1692361752.0437489 2.6837 -4.4831 1.1178 0 0 0 0
1692361752.1237204 2.7186 -4.4709 1.1183 0 0 0 0
1692361752.2837386 2.7649 -4.4621 1.1193 0 0 0 0
1692361752.507676 2.8729 -4.4316 1.123 0 0 0 0
1692361752.641711 2.9126 -4.4233 1.1245 0 0 0 0
1692361752.7536986 2.9616 -4.4093 1.1265 0 0 0 0
1692361752.881658 3.0115 -4.3957 1.1293 0 0 0 0
1692361752.9936254 3.0614 -4.3872 1.1307 0 0 0 0
1692361753.137616 3.112 -4.3745 1.1326 0 0 0 0
1692361753.265595 3.1475 -4.3593 1.135 0 0 0 0
1692361753.4575424 3.1998 -4.338 1.137 0 0 0 0
1692361753.5855532 3.2194 -4.3335 1.1392 0 0 0 0
1692361753.69762 3.2298 -4.3289 1.1388 0 0 0 0
1692361753.8416266 3.2484 -4.3276 1.1396 0 0 0 0
1692361754.001578 3.2734 -4.3238 1.141 0 0 0 0
1692361754.1135433 3.2875 -4.3252 1.1394 0 0 0 0
1692361754.3055031 3.3577 -4.3352 1.1403 0 0 0 0
1692361754.4654777 3.4059 -4.3529 1.1427 0 0 0 0
1692361754.593449 3.433 -4.3742 1.1458 0 0 0 0
1692361754.8334105 3.4894 -4.4206 1.1438 0 0 0 0
1692361755.2173412 3.5578 -4.5042 1.1374 0 0 0 0
1692361755.3613596 3.5761 -4.5374 1.138 0 0 0 0
1692361755.5052464 3.5877 -4.5798 1.1378 0 0 0 0
1692361755.6172545 3.6099 -4.6877 1.1421 0 0 0 0
1692361755.809215 3.6117 -4.7434 1.1385 0 0 0 0
1692361755.9691598 3.6339 -4.8261 1.1433 0 0 0 0
1692361756.097118 3.6564 -4.881 1.1451 0 0 0 0
1692361756.2411036 3.6787 -4.9124 1.1459 0 0 0 0
1692361756.4810927 3.7159 -4.988 1.1457 0 0 0 0
1692361756.5930476 3.7329 -5.0295 1.1469 0 0 0 0
1692361756.784907 3.7515 -5.0563 1.1471 0 0 0 0
1692361756.9288878 3.7903 -5.1199 1.1465 0 0 0 0
1692361757.1368356 3.8007 -5.146 1.1477 0 0 0 0
1692361757.2808585 3.8187 -5.1783 1.1473 0 0 0 0
1692361757.4567723 3.8394 -5.2387 1.1466 0 0 0 0
1692361757.6647048 3.8389 -5.2892 1.1491 0 0 0 0
1692361757.8248086 3.8436 -5.3364 1.1473 0 0 0 0
1692361757.920797 3.833 -5.4386 1.1464 0 0 0 0
1692361758.048742 3.823 -5.4676 1.1475 0 0 0 0
1692361758.20875 3.8199 -5.491 1.1473 0 0 0 0
1692361758.3847358 3.8179 -5.6137 1.1534 0 0 0 0
1692361758.5446856 3.8284 -5.6336 1.158 0 0 0 0
1692361758.7846155 3.8107 -5.5893 1.1508 0 0 0 0
1692361758.910675 3.8106 -5.5901 1.1508 0 0 0 0
1692361759.0866425 3.8111 -5.5925 1.1507 0 0 0 0
1692361759.1826534 3.8148 -5.6048 1.1519 0 0 0 0
1692361759.3106327 3.8203 -5.637 1.1543 0 0 0 0
1692361759.4385843 3.8238 -5.6813 1.1544 0 0 0 0
1692361759.582553 3.8369 -5.7265 1.1569 0 0 0 0
1692361759.7104745 3.8776 -5.8308 1.1604 0 0 0 0
1692361759.8723812 3.9045 -5.8713 1.1596 0 0 0 0
1692361760.0003543 3.9276 -5.9254 1.1613 0 0 0 0
1692361760.1603167 3.9302 -5.967 1.1604 0 0 0 0
1692361760.3202524 3.9335 -5.9887 1.1572 0 0 0 0
1692361760.448285 3.9454 -6.0294 1.1555 0 0 0 0
1692361760.6241982 3.9699 -6.0924 1.1595 0 0 0 0
1692361761.8239973 4.1661 -6.5718 1.1417 0 0 0 0
1692361762.0479832 4.1942 -6.6849 1.1368 0 0 0 0
1692361762.176028 4.2052 -6.7219 1.1331 0 0 0 0
1692361762.415932 4.2528 -6.8108 1.1339 0 0 0 0
1692361762.5759456 4.2589 -6.8575 1.1326 0 0 0 0
1692361762.6878986 4.2766 -6.8973 1.1344 0 0 0 0
1692361762.8638473 4.2978 -6.9375 1.1334 0 0 0 0
1692361762.9918177 4.3131 -6.9887 1.1314 0 0 0 0
1692361763.567761 4.4061 -7.2664 1.1164 0 0 0 0
1692361763.7276711 4.4314 -7.3271 1.1103 0 0 0 0
1692361763.8556354 4.44 -7.3562 1.1085 0 0 0 0
1692361764.0316458 4.4698 -7.4498 1.102 0 0 0 0
1692361764.2235832 4.4938 -7.4954 1.0968 0 0 0 0
1692361764.383577 4.509 -7.5336 1.0947 0 0 0 0
1692361764.495527 4.5283 -7.5712 1.0944 0 0 0 0
1692361764.655546 4.5651 -7.6768 1.0864 0 0 0 0
1692361764.8154488 4.5784 -7.7085 1.0819 0 0 0 0
1692361764.95937 4.6097 -7.7929 1.0732 0 0 0 0
1692361765.151326 4.6265 -7.839 1.0698 0 0 0 0
1692361765.2632897 4.6319 -7.8557 1.0687 0 0 0 0
1692361765.4072452 4.6291 -7.8505 1.0686 0 0 0 0
1692361765.5352535 4.6285 -7.847 1.0684 0 0 0 0
1692361765.647199 4.6297 -7.8507 1.0688 0 0 0 0
1692361765.8391898 4.6301 -7.8761 1.0693 0 0 0 0
1692361765.9991794 4.6283 -7.8991 1.0667 0 0 0 0
1692361766.159156 4.6238 -7.9439 1.0621 0 0 0 0
1692361766.3031168 4.6177 -7.9653 1.0606 0 0 0 0
1692361766.447099 4.5879 -8.0166 1.0574 0 0 0 0
1692361766.6230206 4.5602 -8.0515 1.0533 0 0 0 0
1692361766.73504 4.5285 -8.0807 1.0506 0 0 0 0
1692361766.927004 4.4826 -8.1057 1.0506 0 0 0 0
1692361767.1029792 4.449 -8.1329 1.0474 0 0 0 0
1692361767.278965 4.3747 -8.1636 1.0442 0 0 0 0
1692361767.4389408 4.333 -8.1784 1.0435 0 0 0 0
1692361767.5509467 4.252 -8.1975 1.0406 0 0 0 0
1692361767.7109096 4.203 -8.2081 1.039 0 0 0 0
1692361767.8548603 4.1631 -8.2279 1.0371 0 0 0 0
1692361768.0787723 4.0684 -8.2439 1.0401 0 0 0 0
1692361768.2386868 4.0223 -8.2499 1.0394 0 0 0 0
1692361768.3346653 3.949 -8.2763 1.0355 0 0 0 0
1692361768.4786673 3.9012 -8.2908 1.0351 0 0 0 0
1692361768.606646 3.8539 -8.3001 1.0326 0 0 0 0
1692361768.782581 3.8109 -8.3101 1.0336 0 0 0 0
1692361768.94255 3.7072 -8.3429 1.0361 0 0 0 0
1692361769.182623 3.6096 -8.3691 1.036 0 0 0 0
1692361769.358605 3.568 -8.3905 1.0352 0 0 0 0
1692361769.5025592 3.5188 -8.4034 1.0356 0 0 0 0
1692361769.6625552 3.4289 -8.4325 1.0308 0 0 0 0
1692361769.8065076 3.3844 -8.4472 1.0305 0 0 0 0
1692361769.902462 3.3378 -8.4536 1.0297 0 0 0 0
1692361770.0463066 3.2972 -8.4666 1.0303 0 0 0 0
1692361770.254295 3.2288 -8.4954 1.0238 0 0 0 0
1692361770.4782608 3.1289 -8.5261 1.0225 0 0 0 0
1692361770.5902393 3.0816 -8.545 1.0208 0 0 0 0
1692361770.7342813 3.0332 -8.5548 1.0216 0 0 0 0
1692361770.894202 2.9921 -8.5716 1.0218 0 0 0 0
1692361771.022159 2.9525 -8.5921 1.018 0 0 0 0
1692361771.1502545 2.913 -8.6112 1.0191 0 0 0 0
1692361771.310229 2.8336 -8.6395 1.0188 0 0 0 0
1692361771.4542124 2.7888 -8.6516 1.0188 0 0 0 0
1692361771.6301508 2.7044 -8.6873 1.0199 0 0 0 0
1692361771.7261393 2.7044 -8.6873 1.0199 0 0 0 0
1692361771.918067 2.6222 -8.7169 1.0158 0 0 0 0
1692361772.094047 2.5816 -8.7293 1.0167 0 0 0 0
1692361772.2699382 2.4852 -8.7628 1.017 0 0 0 0
1692361772.3979354 2.4448 -8.7859 1.0144 0 0 0 0
1692361772.5259042 2.3681 -8.8124 1.015 0 0 0 0
1692361772.7178557 2.3275 -8.827 1.0146 0 0 0 0
1692361772.9098077 2.2196 -8.8484 1.0183 0 0 0 0
1692361773.1337 2.1859 -8.8592 1.0177 0 0 0 0
1692361773.261682 2.0939 -8.8878 1.0209 0 0 0 0
1692361773.405641 2.0478 -8.9137 1.0193 0 0 0 0
1692361773.6136043 1.975 -8.932 1.0201 0 0 0 0
1692361773.7096145 1.929 -8.9426 1.0213 0 0 0 0
1692361773.8535235 1.8805 -8.9579 1.0202 0 0 0 0
1692361773.981518 1.8353 -8.971 1.021 0 0 0 0
1692361774.1895945 1.7489 -8.9912 1.0254 0 0 0 0
1692361774.3335824 1.7018 -9.004 1.0265 0 0 0 0
1692361774.461527 1.6586 -9.0214 1.0255 0 0 0 0
1692361774.6215303 1.5704 -9.0444 1.0302 0 0 0 0
1692361774.797471 1.5195 -9.0559 1.0326 0 0 0 0
1692361774.9734728 1.4715 -9.0585 1.0353 0 0 0 0
1692361775.1814132 1.4352 -9.0712 1.0345 0 0 0 0
1692361775.292179 1.3913 -9.0886 1.0343 0 0 0 0
1692361775.900066 1.1481 -9.1434 1.0365 0 0 0 0
1692361776.09201 1.0463 -9.1712 1.0387 0 0 0 0
1692361776.2531772 0.9361 -9.2035 1.0471 0 0 0 0
1692361776.4290986 0.892 -9.2105 1.0455 0 0 0 0
1692361776.5891085 0.8544 -9.222 1.0454 0 0 0 0
1692361776.749097 0.7636 -9.2505 1.0445 0 0 0 0
1692361776.8770432 0.7315 -9.2571 1.0435 0 0 0 0
1692361777.1010032 0.6931 -9.2665 1.0429 0 0 0 0
1692361777.3090022 0.5999 -9.2775 1.0453 0 0 0 0
1692361777.420954 0.5044 -9.2918 1.0503 0 0 0 0
1692361777.6128707 0.4536 -9.2967 1.0515 0 0 0 0
1692361777.8048575 0.3465 -9.309 1.0517 0 0 0 0
1692361777.996843 0.2933 -9.3153 1.0494 0 0 0 0
1692361778.108828 0.2424 -9.3207 1.0495 0 0 0 0
1692361778.2688298 0.197 -9.3215 1.05 0 0 0 0
1692361778.4127946 0.1442 -9.3236 1.0502 0 0 0 0
1692361778.5407467 0.093 -9.3306 1.0487 0 0 0 0
1692361778.6527607 0.0027 -9.352 1.0465 0 0 0 0
1692361778.8287046 -0.0362 -9.3498 1.0469 0 0 0 0
1692361779.0046785 -0.1346 -9.3756 1.0429 0 0 0 0
1692361779.1326375 -0.177 -9.3719 1.0402 0 0 0 0
1692361779.3406055 -0.2703 -9.3858 1.0414 0 0 0 0
1692361779.452588 -0.3165 -9.3949 1.0385 0 0 0 0
1692361779.5805335 -0.3483 -9.4032 1.0379 0 0 0 0
1692361779.708544 -0.3867 -9.413 1.0351 0 0 0 0
1692361779.8525517 -0.4378 -9.4212 1.0355 0 0 0 0
1692361780.0444877 -0.5418 -9.4467 1.0397 0 0 0 0
1692361780.1564507 -0.5888 -9.4457 1.043 0 0 0 0
1692361780.2684393 -0.6235 -9.4493 1.0414 0 0 0 0
1692361780.4124513 -0.6611 -9.4545 1.0395 0 0 0 0
1692361780.6364152 -0.7025 -9.4701 1.0375 0 0 0 0
1692361780.7643948 -0.7986 -9.4956 1.0433 0 0 0 0
1692361780.8763506 -0.844 -9.5005 1.0433 0 0 0 0
1692361781.1163042 -0.8955 -9.505 1.044 0 0 0 0
1692361781.1962996 -0.9438 -9.5141 1.0474 0 0 0 0
1692361781.4042163 -1.0121 -9.5308 1.0464 0 0 0 0
1692361781.612155 -1.1225 -9.5496 1.0507 0 0 0 0
1692361781.7720914 -1.1653 -9.5679 1.0515 0 0 0 0
1692361781.9320877 -1.2112 -9.5814 1.052 0 0 0 0
1692361782.0280566 -1.266 -9.5939 1.0566 0 0 0 0
1692361782.1880207 -1.3541 -9.6224 1.0594 0 0 0 0
1692361782.3160355 -1.3852 -9.6283 1.058 0 0 0 0
1692361782.4760444 -1.4379 -9.6334 1.0601 0 0 0 0
1692361782.6360734 -1.5449 -9.6524 1.0664 0 0 0 0
1692361782.796012 -1.5887 -9.6683 1.0674 0 0 0 0
1692361782.924019 -1.634 -9.6866 1.0679 0 0 0 0
1692361783.2119238 -1.6789 -9.7 1.0666 0 0 0 0
1692361783.3558729 -1.7642 -9.7227 1.0656 0 0 0 0
1692361783.515793 -1.8423 -9.7487 1.0648 0 0 0 0
1692361783.6597977 -1.8963 -9.7697 1.0638 0 0 0 0
1692361783.8357592 -1.9475 -9.7769 1.066 0 0 0 0
1692361783.9797275 -1.9924 -9.7884 1.0636 0 0 0 0
1692361784.1717162 -2.1155 -9.8132 1.0632 0 0 0 0
1692361784.2996736 -2.1615 -9.8278 1.0616 0 0 0 0
1692361784.4275944 -2.2019 -9.8349 1.0599 0 0 0 0
1692361784.6515338 -2.3001 -9.8571 1.0644 0 0 0 0
1692361784.8115106 -2.3469 -9.87 1.0648 0 0 0 0
1692361784.9077337 -2.3937 -9.8894 1.0644 0 0 0 0
1692361785.099434 -2.4296 -9.9006 1.0626 0 0 0 0
1692361785.211421 -2.531 -9.9367 1.0662 0 0 0 0
1692361785.3233995 -2.5703 -9.9457 1.0684 0 0 0 0
1692361785.4513583 -2.6085 -9.9573 1.0659 0 0 0 0
1692361785.627313 -2.6535 -9.9784 1.0657 0 0 0 0
1692361785.787303 -2.6957 -9.995 1.0645 0 0 0 0
1692361786.0202923 -2.7866 -10.0307 1.0646 0 0 0 0
1692361786.1062212 -2.8272 -10.056 1.066 0 0 0 0
1692361786.2502103 -2.8623 -10.0779 1.0645 0 0 0 0
1692361786.432056 -2.8957 -10.0915 1.0631 0 0 0 0
1692361786.556033 -2.9298 -10.1065 1.0625 0 0 0 0
1692361786.667018 -3.01 -10.1733 1.0635 0 0 0 0
1692361786.795028 -3.0442 -10.1949 1.0614 0 0 0 0
1692361786.9549675 -3.0803 -10.2155 1.0617 0 0 0 0
1692361787.157916 -3.1615 -10.2759 1.0647 0 0 0 0
1692361787.3249493 -3.2028 -10.2902 1.0647 0 0 0 0
1692361787.4528244 -3.2758 -10.3526 1.0666 0 0 0 0
1692361788.1408596 -3.4593 -10.5008 1.0687 0 0 0 0
1692361788.308776 -3.5083 -10.5503 1.0709 0 0 0 0
1692361788.4417353 -3.5412 -10.5848 1.0726 0 0 0 0
1692361788.655795 -3.5697 -10.606 1.0743 0 0 0 0
1692361788.7568138 -3.6371 -10.6786 1.0762 0 0 0 0
1692361788.90081 -3.6636 -10.7064 1.079 0 0 0 0
1692361789.1147995 -3.6957 -10.7457 1.0786 0 0 0 0
1692361789.2537148 -3.7456 -10.8122 1.0796 0 0 0 0
1692361789.4556806 -3.8088 -10.8991 1.084 0 0 0 0
1692361789.5516465 -3.8317 -10.938 1.0851 0 0 0 0
1692361789.695666 -3.8607 -10.9714 1.0856 0 0 0 0
1692361789.8396316 -3.8908 -11.0102 1.0853 0 0 0 0
1692361790.0795808 -3.9342 -11.0944 1.0901 0 0 0 0
1692361790.22056 -3.9545 -11.1287 1.0927 0 0 0 0
1692361790.3594918 -3.9845 -11.182 1.0943 0 0 0 0
1692361790.5245078 -4.0032 -11.2335 1.0961 0 0 0 0
1692361790.698337 -4.0323 -11.3025 1.1003 0 0 0 0
1692361790.8723378 -4.0517 -11.3472 1.103 0 0 0 0
1692361791.0162995 -4.0723 -11.425 1.1053 0 0 0 0
1692361791.1282556 -4.0723 -11.425 1.1053 0 0 0 0
1692361791.288304 -4.0963 -11.5386 1.1059 0 0 0 0
1692361791.4643128 -4.1066 -11.5803 1.1076 0 0 0 0
1692361791.6831255 -4.1149 -11.622 1.1107 0 0 0 0
1692361791.822086 -4.1414 -11.7255 1.1132 0 0 0 0
1692361791.9500284 -4.1592 -11.7695 1.1148 0 0 0 0
1692361792.149052 -4.2029 -11.8205 1.1191 0 0 0 0
1692361792.3169782 -4.2615 -11.8624 1.1219 0 0 0 0
1692361792.4729755 -4.3261 -11.911 1.1226 0 0 0 0
1692361792.6169946 -4.3745 -11.9334 1.1221 0 0 0 0
1692361792.7288935 -4.424 -11.9516 1.1233 0 0 0 0
1692361792.8398569 -4.4582 -11.9682 1.1255 0 0 0 0
1692361793.0307906 -4.5425 -11.9778 1.1269 0 0 0 0
1692361793.2957444 -4.6149 -11.9736 1.1182 0 0 0 0
1692361793.4457176 -4.6581 -11.9804 1.1198 0 0 0 0
1692361793.6367705 -4.7206 -11.9832 1.1227 0 0 0 0
1692361793.7327464 -4.8045 -12.0041 1.1284 0 0 0 0
1692361793.876722 -4.8541 -12.0135 1.1314 0 0 0 0
1692361794.0207214 -4.904 -12.0195 1.1355 0 0 0 0
1692361794.132648 -4.9428 -12.0195 1.1351 0 0 0 0
1692361794.3225951 -4.9834 -12.0277 1.1365 0 0 0 0
1692361794.4506006 -5.1029 -12.0488 1.1428 0 0 0 0
1692361794.6215882 -5.1474 -12.0559 1.1445 0 0 0 0
1692361794.7926135 -5.2526 -12.0711 1.1473 0 0 0 0
1692361794.904607 -5.2741 -12.0745 1.149 0 0 0 0
1692361795.0805852 -5.2631 -12.0766 1.1467 0 0 0 0
1692361795.264567 -5.2687 -12.0803 1.1454 0 0 0 0
1692361795.3654869 -5.3097 -12.0798 1.1463 0 0 0 0
1692361795.5384972 -5.4349 -12.0925 1.147 0 0 0 0
1692361795.698423 -5.4764 -12.0984 1.1453 0 0 0 0
1692361795.826388 -5.5929 -12.1161 1.1431 0 0 0 0
1692361795.9853733 -5.5929 -12.1161 1.1431 0 0 0 0
1692361796.1293695 -5.6807 -12.1428 1.142 0 0 0 0
1692361796.2983143 -5.7005 -12.1425 1.134 0 0 0 0
1692361796.410317 -5.7325 -12.1508 1.1256 0 0 0 0
1692361796.5862525 -5.8451 -12.1844 1.1234 0 0 0 0
1692361796.7891643 -5.9228 -12.193 1.116 0 0 0 0
1692361796.8931315 -5.975 -12.2144 1.1148 0 0 0 0
1692361797.0311294 -6.0303 -12.2228 1.1161 0 0 0 0
1692361797.2050853 -6.0728 -12.2299 1.1136 0 0 0 0
1692361797.3280368 -6.1093 -12.2304 1.1095 0 0 0 0
1692361797.4670162 -6.156 -12.2318 1.1052 0 0 0 0
1692361797.6890016 -6.2234 -12.2547 1.1026 0 0 0 0
1692361797.813855 -6.2234 -12.2547 1.1026 0 0 0 0
1692361797.9638245 -6.2793 -12.2834 1.1045 0 0 0 0
1692361798.194775 -6.3422 -12.2971 1.1031 0 0 0 0
1692361798.331796 -6.3807 -12.2893 1.1047 0 0 0 0
1692361798.459722 -6.4341 -12.278 1.1018 0 0 0 0
1692361798.6187105 -6.4692 -12.2587 1.1044 0 0 0 0
1692361798.760596 -6.5044 -12.2408 1.1044 0 0 0 0
1692361798.8805826 -6.5224 -12.2195 1.1053 0 0 0 0
1692361798.9446154 -6.5409 -12.2027 1.1042 0 0 0 0
1692361799.1685414 -6.5858 -12.1303 1.1008 0 0 0 0
1692361799.408504 -6.6173 -12.0399 1.0979 0 0 0 0
1692361799.578467 -6.6326 -12.0001 1.0978 0 0 0 0
1692361799.6874318 -6.634 -11.9596 1.0964 0 0 0 0
1692361799.8308086 -6.6443 -11.9179 1.0975 0 0 0 0
1692361800.454562 -6.7606 -11.6106 1.0973 0 0 0 0
1692361800.646551 -6.786 -11.5535 1.0918 0 0 0 0
1692361800.7862315 -6.8032 -11.5112 1.0905 0 0 0 0
1692361800.9104104 -6.8181 -11.4675 1.0853 0 0 0 0
1692361801.1661682 -6.8589 -11.3845 1.072 0 0 0 0
1692361801.341154 -6.8846 -11.323 1.0638 0 0 0 0
1692361801.4940991 -6.8985 -11.2652 1.062 0 0 0 0
1692361801.61508 -6.9228 -11.2077 1.0591 0 0 0 0
1692361801.8002706 -6.9571 -11.1437 1.0521 0 0 0 0
1692361801.9032362 -6.9783 -11.0936 1.0499 0 0 0 0
1692361802.0531783 -6.9957 -11.0399 1.0511 0 0 0 0
1692361802.2851696 -7.0308 -10.9687 1.0464 0 0 0 0
1692361802.3812032 -7.0575 -10.9234 1.0446 0 0 0 0
1692361802.5010943 -7.0768 -10.8796 1.0384 0 0 0 0
1692361802.674075 -7.0946 -10.8552 1.0329 0 0 0 0
1692361802.8180895 -7.1213 -10.8204 1.0309 0 0 0 0
1692361802.9379847 -7.158 -10.7689 1.0305 0 0 0 0
1692361803.1219645 -7.2004 -10.7008 1.0282 0 0 0 0
1692361803.2799115 -7.2289 -10.6621 1.0261 0 0 0 0
1692361803.4368544 -7.2819 -10.5849 1.0194 0 0 0 0
1692361803.5648534 -7.3109 -10.5537 1.0197 0 0 0 0
1692361803.747826 -7.3467 -10.5119 1.0173 0 0 0 0
1692361803.8518288 -7.3857 -10.4728 1.0138 0 0 0 0
1692361804.0537882 -7.4583 -10.4206 1.009 0 0 0 0
1692361804.2367258 -7.4967 -10.4016 1.0055 0 0 0 0
1692361804.471789 -7.5694 -10.3386 1.0039 0 0 0 0
1692361804.6266396 -7.6603 -10.2829 1.0023 0 0 0 0
1692361804.7476702 -7.6603 -10.2829 1.0023 0 0 0 0
1692361805.0201828 -7.7635 -10.21 0.9984 0 0 0 0
1692361805.1631815 -7.7635 -10.21 0.9984 0 0 0 0
1692361805.289151 -7.8499 -10.1694 0.997 0 0 0 0
1692361805.44615 -7.8946 -10.1488 0.9977 0 0 0 0
1692361805.647088 -7.9905 -10.1117 0.9934 0 0 0 0
1692361805.7550635 -8.0349 -10.0948 0.9938 0 0 0 0
1692361805.8950305 -8.0742 -10.0735 0.9922 0 0 0 0
1692361806.003027 -8.1143 -10.0624 0.9912 0 0 0 0
1692361806.23144 -8.1954 -10.037 0.9895 0 0 0 0
1692361806.4304194 -8.2934 -10.0243 0.9846 0 0 0 0
1692361806.5383935 -8.2934 -10.0243 0.9846 0 0 0 0
1692361806.7233691 -8.3846 -10.025 0.9841 0 0 0 0
1692361806.8733215 -8.4222 -10.0222 0.9841 0 0 0 0
1692361807.097261 -8.491 -10.0328 0.9841 0 0 0 0
1692361807.353214 -8.5996 -10.0495 0.987 0 0 0 0
1692361807.5511222 -8.6776 -10.0694 0.9883 0 0 0 0
1692361807.726114 -8.7854 -10.0738 0.9885 0 0 0 0
1692361807.960058 -8.8733 -10.0916 0.9861 0 0 0 0
1692361808.1360312 -8.9333 -10.1035 0.9891 0 0 0 0
1692361808.322491 -9.0254 -10.116 0.9895 0 0 0 0
1692361808.477467 -9.0777 -10.1217 0.9856 0 0 0 0
1692361808.6134262 -9.155 -10.1337 0.9831 0 0 0 0
1692361808.77839 -9.2061 -10.1345 0.9827 0 0 0 0
1692361808.9063818 -9.2444 -10.15 0.9802 0 0 0 0
1692361809.0824 -9.2868 -10.1552 0.9804 0 0 0 0
1692361809.263817 -9.3974 -10.1726 0.9823 0 0 0 0
1692361809.4037793 -9.434 -10.1783 0.9793 0 0 0 0
1692361809.5615897 -9.4807 -10.188 0.9798 0 0 0 0
1692361809.7137332 -9.5306 -10.1951 0.9782 0 0 0 0
1692361809.8417346 -9.6186 -10.2107 0.9754 0 0 0 0
1692361810.0306773 -9.6639 -10.2226 0.9762 0 0 0 0
1692361810.2945964 -9.7922 -10.2389 0.9721 0 0 0 0
1692361810.433575 -9.8341 -10.2453 0.971 0 0 0 0
1692361810.6256382 -9.8809 -10.2564 0.9723 0 0 0 0
1692361810.7375455 -9.958 -10.2585 0.9746 0 0 0 0
1692361810.8815084 -9.9519 -10.2575 0.9729 0 0 0 0
1692361811.0234978 -9.9563 -10.2584 0.9727 0 0 0 0
1692361811.2703884 -9.9855 -10.2521 0.9706 0 0 0 0
1692361811.3504732 -10.0117 -10.2506 0.9743 0 0 0 0
1692361811.5334136 -10.0399 -10.2473 0.973 0 0 0 0
1692361811.6294224 -10.0562 -10.2461 0.9707 0 0 0 0
1692361811.7894092 -10.0713 -10.242 0.9681 0 0 0 0
1692361811.9333758 -10.1285 -10.1889 0.968 0 0 0 0
1692361812.1053195 -10.1592 -10.157 0.969 0 0 0 0
1692361812.2323112 -10.1887 -10.1124 0.9714 0 0 0 0
1692361812.8351443 -10.3374 -9.8785 0.9667 0 0 0 0
1692361812.9791276 -10.3736 -9.8203 0.9652 0 0 0 0
1692361813.2190962 -10.4295 -9.7349 0.9634 0 0 0 0
1692361813.3780324 -10.4514 -9.6981 0.9615 0 0 0 0
1692361813.5429938 -10.4977 -9.6386 0.9574 0 0 0 0
1692361813.66853 -10.5132 -9.6125 0.9565 0 0 0 0
1692361813.7829385 -10.5193 -9.6036 0.956 0 0 0 0
1692361813.9748716 -10.519 -9.6057 0.9557 0 0 0 0
1692361814.1108775 -10.5208 -9.6082 0.9553 0 0 0 0
1692361814.2548633 -10.526 -9.613 0.9532 0 0 0 0
1692361814.3976734 -10.526 -9.613 0.9532 0 0 0 0
1692361814.6196134 -10.5309 -9.6063 0.9562 0 0 0 0
1692361814.71255 -10.5324 -9.6043 0.9574 0 0 0 0
1692361814.879564 -10.5343 -9.6024 0.9585 0 0 0 0
1692361815.1155128 -10.5362 -9.6007 0.9529 0 0 0 0
1692361815.2904396 -10.5111 -9.5805 0.9572 0 0 0 0
1692361815.4134004 -10.4591 -9.5342 0.9621 0 0 0 0
1692361815.5231822 -10.4125 -9.4928 0.9618 0 0 0 0
1692361815.6500645 -10.3914 -9.4827 0.9599 0 0 0 0
1692361815.7941062 -10.3664 -9.4593 0.9605 0 0 0 0
1692361815.9330063 -10.293 -9.3915 0.9659 0 0 0 0
1692361816.1390164 -10.202 -9.3505 0.9661 0 0 0 0
1692361816.288028 -10.165 -9.3241 0.9671 0 0 0 0
1692361816.4160016 -10.1347 -9.3131 0.9684 0 0 0 0
1692361816.6254714 -10.0512 -9.2708 0.9701 0 0 0 0
1692361816.8334787 -9.9953 -9.2479 0.9725 0 0 0 0
1692361816.945391 -9.9953 -9.2479 0.9725 0 0 0 0
1692361817.121411 -9.9471 -9.2271 0.9727 0 0 0 0
1692361817.3294008 -9.8806 -9.1918 0.9722 0 0 0 0
1692361817.4733222 -9.8127 -9.1588 0.9764 0 0 0 0
1692361817.600638 -9.7647 -9.1433 0.9787 0 0 0 0
1692361817.7125971 -9.7049 -9.1253 0.9768 0 0 0 0
1692361817.8885891 -9.671 -9.1003 0.978 0 0 0 0
1692361818.0645552 -9.5993 -9.0832 0.9786 0 0 0 0
1692361818.2405217 -9.5218 -9.0715 0.9841 0 0 0 0
1692361818.4804745 -9.4289 -9.039 0.986 0 0 0 0
1692361818.6250885 -9.3913 -9.0361 0.986 0 0 0 0
1692361818.849065 -9.349 -9.0282 0.9863 0 0 0 0
1692361818.9930234 -9.2535 -8.9913 0.9851 0 0 0 0
1692361819.184975 -9.1682 -8.9767 0.9857 0 0 0 0
1692361819.3449123 -9.1304 -8.9729 0.9879 0 0 0 0
1692361819.456884 -9.0764 -8.9619 0.9904 0 0 0 0
1692361819.632898 -8.9691 -8.9254 0.9966 0 0 0 0
1692361820.6558664 -8.5914 -8.8318 0.9969 0 0 0 0
1692361820.783852 -8.5491 -8.8084 0.9946 0 0 0 0
1692361820.9118192 -8.5113 -8.7929 0.9963 0 0 0 0
1692361821.0397992 -8.4551 -8.7778 0.9983 0 0 0 0
1692361821.263725 -8.3751 -8.7548 0.9933 0 0 0 0
1692361821.4557135 -8.2868 -8.7311 0.9923 0 0 0 0
1692361821.5996945 -8.2868 -8.7311 0.9923 0 0 0 0
1692361821.7593172 -8.2158 -8.7161 0.9921 0 0 0 0
1692361822.2392445 -7.9901 -8.6397 0.9942 0 0 0 0
1692361822.3512251 -7.9137 -8.6307 0.9924 0 0 0 0
1692361822.49519 -7.8639 -8.6231 0.9919 0 0 0 0
1692361822.639186 -7.8266 -8.6133 0.9915 0 0 0 0
1692361822.8002546 -7.7842 -8.5923 0.9898 0 0 0 0
1692361822.9762318 -7.704 -8.5616 0.9906 0 0 0 0
1692361823.216168 -7.6452 -8.5539 0.9898 0 0 0 0
1692361823.360125 -7.5805 -8.5379 0.9892 0 0 0 0
1692361823.5521028 -7.5318 -8.5211 0.9889 0 0 0 0
1692361823.6320713 -7.4879 -8.5081 0.9871 0 0 0 0
1692361823.84013 -7.4004 -8.4817 0.9897 0 0 0 0
1692361824.0160918 -7.3466 -8.467 0.991 0 0 0 0
1692361824.112049 -7.2535 -8.444 0.9924 0 0 0 0
1692361824.3040326 -7.2059 -8.4273 0.9933 0 0 0 0
1692361824.4319942 -7.1684 -8.4164 0.9929 0 0 0 0
1692361824.6239462 -7.1346 -8.4032 0.9924 0 0 0 0
1692361825.1678526 -6.8876 -8.3386 0.9893 0 0 0 0
1692361825.2958477 -6.8221 -8.3329 0.9912 0 0 0 0
1692361825.4077826 -6.7836 -8.3198 0.9886 0 0 0 0
1692361825.6317668 -6.7487 -8.3197 0.988 0 0 0 0
1692361825.7596655 -6.6504 -8.3112 0.994 0 0 0 0
1692361825.8876464 -6.611 -8.3112 0.9965 0 0 0 0
1692361825.9996636 -6.5767 -8.3047 0.9947 0 0 0 0
1692361826.111609 -6.532 -8.2943 0.9945 0 0 0 0
1692361826.2715702 -6.4859 -8.2934 0.996 0 0 0 0
1692361826.3995602 -6.4369 -8.2906 0.9974 0 0 0 0
1692361826.51151 -6.3853 -8.2814 0.9978 0 0 0 0
1692361826.6714776 -6.3046 -8.2738 0.999 0 0 0 0
1692361826.7995372 -6.2645 -8.2725 0.9996 0 0 0 0
1692361826.9434996 -6.2055 -8.262 1.0022 0 0 0 0
1692361827.1674986 -6.1168 -8.2588 1.0062 0 0 0 0
1692361827.3594122 -6.0708 -8.2589 1.0102 0 0 0 0
1692361827.5194097 -5.977 -8.2483 1.0138 0 0 0 0
1692361827.6473937 -5.9346 -8.2409 1.0103 0 0 0 0
1692361827.791284 -5.8567 -8.2271 1.0102 0 0 0 0
1692361827.9352598 -5.8125 -8.2241 1.0106 0 0 0 0
1692361828.079228 -5.76 -8.2188 1.0107 0 0 0 0
1692361828.2711692 -5.6746 -8.2058 1.0161 0 0 0 0
1692361828.3831625 -5.6257 -8.1944 1.0156 0 0 0 0
1692361828.5111444 -5.5825 -8.1918 1.0163 0 0 0 0
1692361828.6551027 -5.542 -8.1828 1.0183 0 0 0 0
1692361828.847022 -5.4518 -8.1695 1.0147 0 0 0 0
1692361828.9587092 -5.4518 -8.1695 1.0147 0 0 0 0
1692361829.134641 -5.3887 -8.1667 1.0161 0 0 0 0
1692361829.26262 -5.324 -8.154 1.0228 0 0 0 0
1692361829.4385965 -5.2827 -8.1377 1.0243 0 0 0 0
1692361829.6785562 -5.1393 -8.1234 1.0324 0 0 0 0
1692361829.8225417 -5.0972 -8.1099 1.0342 0 0 0 0
1692361830.0309114 -5.0158 -8.0961 1.0375 0 0 0 0
1692361830.174857 -4.972 -8.0788 1.0384 0 0 0 0
1692361830.3028457 -4.8877 -8.0473 1.0361 0 0 0 0
1692361830.4148483 -4.8877 -8.0473 1.0361 0 0 0 0
1692361830.5748477 -4.8131 -8.0305 1.0412 0 0 0 0
1692361830.7507453 -4.7585 -8.019 1.044 0 0 0 0
1692361830.878737 -4.7138 -8.0034 1.0444 0 0 0 0
1692361831.0067265 -4.6353 -7.9767 1.0434 0 0 0 0
1692361831.1986773 -4.5298 -7.9624 1.0503 0 0 0 0
1692361831.4546075 -4.4389 -7.9162 1.0542 0 0 0 0
1692361831.5826323 -4.4389 -7.9162 1.0542 0 0 0 0
1692361831.7106254 -4.3444 -7.8876 1.0512 0 0 0 0
1692361831.9344923 -4.2551 -7.8557 1.0515 0 0 0 0
1692361832.0944912 -4.2169 -7.8482 1.0485 0 0 0 0
1692361832.2064447 -4.1919 -7.8293 1.0464 0 0 0 0
1692361832.4303825 -4.0834 -7.7943 1.0567 0 0 0 0
1692361832.5743887 -4.0171 -7.7626 1.0511 0 0 0 0
1692361832.734356 -3.9957 -7.7609 1.0502 0 0 0 0
1692361832.9103098 -3.9395 -7.7452 1.0565 0 0 0 0
1692361833.054299 -3.8679 -7.7347 1.0571 0 0 0 0
1692361833.2142825 -3.7855 -7.717 1.056 0 0 0 0
1692361833.4382398 -3.7495 -7.7134 1.0543 0 0 0 0
1692361833.646175 -3.6147 -7.6605 1.0601 0 0 0 0
1692361833.8221755 -3.5586 -7.6448 1.0615 0 0 0 0
1692361833.9181175 -3.5167 -7.6287 1.0606 0 0 0 0
1692361834.046146 -3.4404 -7.6047 1.0587 0 0 0 0
1692361834.1581438 -3.4404 -7.6047 1.0587 0 0 0 0
1692361834.3181093 -3.4013 -7.5886 1.0589 0 0 0 0
1692361834.4460964 -3.3057 -7.5679 1.0602 0 0 0 0
1692361834.6380427 -3.268 -7.5516 1.059 0 0 0 0
1692361834.814048 -3.1806 -7.5207 1.0646 0 0 0 0
1692361834.9099836 -3.1242 -7.5061 1.0639 0 0 0 0
1692361835.1499422 -3.0903 -7.5011 1.0628 0 0 0 0
1692361835.2939036 -3.0029 -7.4704 1.0648 0 0 0 0
1692361835.5178387 -2.9228 -7.448 1.0601 0 0 0 0
1692361835.64582 -2.8844 -7.4413 1.0584 0 0 0 0
1692361835.7737887 -2.8312 -7.4241 1.0601 0 0 0 0
1692361835.917767 -2.7409 -7.3966 1.0589 0 0 0 0
1692361836.0936944 -2.6912 -7.3824 1.0616 0 0 0 0
1692361836.2696226 -2.6075 -7.3546 1.0553 0 0 0 0
1692361836.3976345 -2.6075 -7.3546 1.0553 0 0 0 0
1692361836.5415902 -2.5442 -7.3347 1.0581 0 0 0 0
1692361836.7335677 -2.4518 -7.2977 1.0605 0 0 0 0
1692361836.941492 -2.4112 -7.2864 1.0605 0 0 0 0
1692361837.514758 -2.1375 -7.2054 1.0639 0 0 0 0
1692361837.6587207 -2.0851 -7.1842 1.0599 0 0 0 0
1692361837.8026934 -2.0609 -7.1858 1.059 0 0 0 0
1692361837.930653 -2.0208 -7.1696 1.0594 0 0 0 0
1692361838.0746205 -1.9563 -7.1563 1.0617 0 0 0 0
1692361838.2213097 -1.9177 -7.1342 1.0629 0 0 0 0
1692361838.317315 -1.8394 -7.1075 1.0637 0 0 0 0
1692361838.477286 -1.7921 -7.0922 1.0663 0 0 0 0
1692361838.6052196 -1.7504 -7.0823 1.0638 0 0 0 0
1692361838.716956 -1.7164 -7.0675 1.064 0 0 0 0
1692361838.861186 -1.671 -7.0523 1.0667 0 0 0 0
1692361839.0371664 -1.6158 -7.0391 1.068 0 0 0 0
1692361839.213115 -1.5498 -7.0173 1.0668 0 0 0 0
1692361839.3408122 -1.4727 -6.9818 1.0693 0 0 0 0
1692361839.5170505 -1.4477 -6.9698 1.0698 0 0 0 0
1692361839.6770172 -1.3902 -6.9534 1.0698 0 0 0 0
1692361839.852974 -1.3625 -6.9419 1.0713 0 0 0 0
1692361839.9969554 -1.3313 -6.9255 1.0734 0 0 0 0
1692361840.1889052 -1.2724 -6.8851 1.0731 0 0 0 0
1692361840.3329892 -1.2448 -6.8544 1.0741 0 0 0 0
1692361840.4609327 -1.2202 -6.8236 1.0728 0 0 0 0
1692361840.6848888 -1.1869 -6.7513 1.0744 0 0 0 0
1692361840.81286 -1.1869 -6.7513 1.0744 0 0 0 0
1692361840.9408135 -1.1683 -6.6536 1.0755 0 0 0 0
1692361841.1807926 -1.1757 -6.5508 1.0804 0 0 0 0
1692361841.3086972 -1.182 -6.4962 1.0769 0 0 0 0
1692361841.4687436 -1.1906 -6.4624 1.0757 0 0 0 0
1692361841.5966642 -1.2021 -6.3753 1.0737 0 0 0 0
1692361841.7086358 -1.2158 -6.3223 1.0764 0 0 0 0
1692361841.8846045 -1.2201 -6.2826 1.0751 0 0 0 0
1692361842.0605624 -1.2347 -6.24 1.074 0 0 0 0
1692361842.1725514 -1.269 -6.138 1.0738 0 0 0 0
1692361842.332524 -1.268 -6.099 1.0728 0 0 0 0
1692361842.4445286 -1.2718 -6.0708 1.0719 0 0 0 0
1692361842.6364925 -1.2869 -6.0313 1.0699 0 0 0 0
1692361842.8124468 -1.2985 -5.9918 1.0683 0 0 0 0
1692361842.9884224 -1.2983 -5.9698 1.0683 0 0 0 0
1692361843.1483867 -1.2951 -5.9478 1.0693 0 0 0 0
1692361843.2603128 -1.2866 -5.9216 1.0694 0 0 0 0
1692361843.452371 -1.2707 -5.8949 1.0701 0 0 0 0
1692361843.5483463 -1.2707 -5.8949 1.0701 0 0 0 0
1692361843.6443305 -1.2435 -5.8607 1.0702 0 0 0 0
1692361843.8202937 -1.2311 -5.8495 1.0692 0 0 0 0
1692361843.996255 -1.2302 -5.846 1.0677 0 0 0 0
1692361844.444031 -1.0538 -5.7604 1.0679 0 0 0 0
1692361844.5720289 -0.9998 -5.7357 1.0677 0 0 0 0
1692361844.699993 -0.9545 -5.7142 1.0672 0 0 0 0
1692361844.891945 -0.8763 -5.6828 1.0663 0 0 0 0
1692361845.243899 -0.7569 -5.6238 1.0732 0 0 0 0
1692361845.4999082 -0.7695 -5.6227 1.0711 0 0 0 0
1692361845.691892 -0.7661 -5.6209 1.0709 0 0 0 0
1692361845.8678713 -0.7649 -5.625 1.0677 0 0 0 0
1692361846.0598242 -0.7701 -5.6251 1.0652 0 0 0 0
1692361846.2517843 -0.7746 -5.6228 1.0647 0 0 0 0
1692361846.4277406 -0.7766 -5.6211 1.0654 0 0 0 0
1692361846.603715 -0.7692 -5.6204 1.0672 0 0 0 0
1692361846.827671 -0.7527 -5.6393 1.0666 0 0 0 0
1692361847.035648 -0.7194 -5.6737 1.067 0 0 0 0
1692361847.1956227 -0.6729 -5.7456 1.0647 0 0 0 0
1692361847.3235593 -0.6522 -5.7751 1.0661 0 0 0 0
1692361847.4995277 -0.623 -5.8121 1.0697 0 0 0 0
1692361847.675517 -0.5791 -5.8886 1.0735 0 0 0 0
1692361847.8515108 -0.5359 -5.9819 1.076 0 0 0 0
1692361848.0274634 -0.5158 -6.0235 1.078 0 0 0 0
1692361848.1554167 -0.4703 -6.1007 1.0759 0 0 0 0
1692361848.2994225 -0.453 -6.1345 1.076 0 0 0 0
1692361848.4272406 -0.4356 -6.1687 1.0794 0 0 0 0
1692361848.6511514 -0.3687 -6.2692 1.0782 0 0 0 0
1692361848.8271642 -0.3468 -6.2896 1.0776 0 0 0 0
1692361849.0031176 -0.3055 -6.3526 1.0777 0 0 0 0
1692361849.211092 -0.2455 -6.4238 1.0804 0 0 0 0
1692361849.8350768 -0.0555 -6.5915 1.0764 0 0 0 0
1692361849.931021 -0.0231 -6.6136 1.0761 0 0 0 0
1692361850.1070075 0.0254 -6.6466 1.0832 0 0 0 0
1692361850.282972 0.0696 -6.6762 1.0867 0 0 0 0
1692361850.442895 0.1429 -6.7111 1.0886 0 0 0 0
1692361850.6510456 0.1793 -6.7209 1.0905 0 0 0 0
1692361850.8429987 0.2584 -6.737 1.0864 0 0 0 0
1692361851.1149473 0.4137 -6.7203 1.0968 0 0 0 0
1692361851.2748938 0.4582 -6.7143 1.0944 0 0 0 0
1692361851.4188704 0.5015 -6.7158 1.0982 0 0 0 0
1692361851.674824 0.6015 -6.7146 1.0987 0 0 0 0
1692361851.818755 0.6938 -6.7047 1.1041 0 0 0 0
1692361851.946712 0.7378 -6.7126 1.107 0 0 0 0
1692361852.1866884 0.8281 -6.7128 1.1047 0 0 0 0
1692361852.3306482 0.8281 -6.7128 1.1047 0 0 0 0
1692361852.5225866 0.9348 -6.7123 1.104 0 0 0 0
1692361852.617416 1.0262 -6.7073 1.106 0 0 0 0
1692361852.7613914 1.0705 -6.7052 1.1045 0 0 0 0
1692361852.921377 1.1111 -6.6995 1.1001 0 0 0 0
1692361853.1293066 1.1487 -6.686 1.1016 0 0 0 0
1692361853.321293 1.2816 -6.6683 1.1058 0 0 0 0
1692361853.4332745 1.2816 -6.6683 1.1058 0 0 0 0
1692361853.6262035 1.3832 -6.6524 1.1082 0 0 0 0
1692361853.786218 1.4626 -6.6372 1.1087 0 0 0 0
1692361853.930142 1.5044 -6.6267 1.1088 0 0 0 0
1692361854.0901124 1.5493 -6.614 1.111 0 0 0 0
1692361854.234089 1.6387 -6.5869 1.1107 0 0 0 0
1692361854.3940606 1.6884 -6.5642 1.1138 0 0 0 0
1692361854.5220532 1.7277 -6.5474 1.1141 0 0 0 0
1692361854.6662793 1.7584 -6.5223 1.1114 0 0 0 0
1692361854.8422422 1.8478 -6.4721 1.1146 0 0 0 0
1692361854.9862006 1.8788 -6.4476 1.1153 0 0 0 0
1692361855.2261631 1.9484 -6.3994 1.1113 0 0 0 0
1692361855.338136 1.9801 -6.3602 1.1145 0 0 0 0
1692361855.4981124 2.0197 -6.3181 1.1162 0 0 0 0
1692361855.6420484 2.0638 -6.2573 1.1167 0 0 0 0
1692361855.8006022 2.0951 -6.2101 1.1177 0 0 0 0
1692361855.944657 2.1471 -6.1489 1.1186 0 0 0 0
1692361856.1045444 2.1742 -6.1069 1.1189 0 0 0 0
1692361856.216488 2.2099 -6.0565 1.1204 0 0 0 0
1692361856.3924837 2.2372 -6.0199 1.1204 0 0 0 0
1692361856.5204554 2.2676 -5.948 1.1204 0 0 0 0
1692361856.6976137 2.2823 -5.91 1.1212 0 0 0 0
1692361856.8895855 2.3155 -5.8264 1.1213 0 0 0 0
1692361857.113513 2.328 -5.7719 1.1193 0 0 0 0
1692361857.3054888 2.3413 -5.6872 1.1203 0 0 0 0
1692361857.5614448 2.3575 -5.5793 1.1199 0 0 0 0
1692361857.721351 2.3628 -5.4935 1.1194 0 0 0 0
1692361857.9453273 2.3583 -5.4008 1.114 0 0 0 0
1692361858.0733137 2.3524 -5.3047 1.1109 0 0 0 0
1692361858.34524 2.3403 -5.2686 1.1092 0 0 0 0
1692361858.4572244 2.3365 -5.1953 1.1058 0 0 0 0
1692361858.6011868 2.336 -5.1773 1.1055 0 0 0 0
1692361858.7933152 2.3379 -5.189 1.1031 0 0 0 0
1692361858.9212997 2.3351 -5.167 1.1022 0 0 0 0
1692361859.193236 2.3277 -5.131 1.1009 0 0 0 0
1692361859.3212087 2.3249 -5.092 1.0983 0 0 0 0
1692361859.4811666 2.3338 -5.0638 1.1003 0 0 0 0
1692361859.641311 2.3598 -5.0178 1.1055 0 0 0 0
1692361859.8487065 2.3745 -4.9965 1.1059 0 0 0 0
1692361860.0246103 2.446 -4.9271 1.1098 0 0 0 0
1692361860.1205487 2.4858 -4.8981 1.1143 0 0 0 0
1692361860.2805176 2.5404 -4.8606 1.1156 0 0 0 0
1692361860.408481 2.5735 -4.8397 1.113 0 0 0 0
1692361860.632433 2.5981 -4.8296 1.1105 0 0 0 0
1692361860.7604067 2.6596 -4.7854 1.1148 0 0 0 0
1692361860.9042728 2.686 -4.7661 1.1148 0 0 0 0
1692361861.0482583 2.7175 -4.7553 1.1172 0 0 0 0
1692361861.2081876 2.7926 -4.7412 1.1211 0 0 0 0
1692361861.3841884 2.8113 -4.7385 1.1215 0 0 0 0
1692361861.5281506 2.8328 -4.7372 1.1208 0 0 0 0
1692361862.0568156 3.0771 -4.8374 1.1273 0 0 0 0
1692361862.248773 3.1234 -4.862 1.1302 0 0 0 0
1692361862.344731 3.1671 -4.8802 1.1303 0 0 0 0
1692361862.48876 3.1933 -4.9004 1.1274 0 0 0 0
1692361862.6646812 3.2397 -4.9285 1.1283 0 0 0 0
1692361862.8246598 3.273 -4.9458 1.1276 0 0 0 0
1692361863.1286416 3.3513 -4.9939 1.1297 0 0 0 0
1692361863.3206334 3.3821 -5.0232 1.1325 0 0 0 0
1692361863.4325647 3.4131 -5.0428 1.1344 0 0 0 0
1692361863.640525 3.4557 -5.0743 1.1342 0 0 0 0
1692361863.8164787 3.4969 -5.1246 1.1361 0 0 0 0
1692361863.9906282 3.5191 -5.146 1.1367 0 0 0 0
1692361864.1825552 3.5594 -5.1825 1.1355 0 0 0 0
1692361864.3266172 3.5843 -5.1944 1.1348 0 0 0 0
1692361864.4225311 3.6075 -5.2195 1.1342 0 0 0 0
1692361864.5985131 3.6621 -5.2952 1.1422 0 0 0 0
1692361864.7104802 3.6621 -5.2952 1.1422 0 0 0 0
1692361864.886414 3.723 -5.3543 1.1438 0 0 0 0
1692361865.0322506 3.7369 -5.3669 1.1432 0 0 0 0
1692361865.2561643 3.7626 -5.4128 1.1474 0 0 0 0
1692361865.4161935 3.7919 -5.457 1.1439 0 0 0 0
1692361865.5762362 3.8078 -5.4766 1.143 0 0 0 0
1692361865.7360845 3.8426 -5.553 1.146 0 0 0 0
1692361865.864029 3.8718 -5.6024 1.1517 0 0 0 0
1692361866.024046 3.897 -5.6429 1.1547 0 0 0 0
1692361866.1520474 3.9142 -5.6681 1.155 0 0 0 0
1692361866.32804 3.9264 -5.715 1.1597 0 0 0 0
1692361866.4720016 3.9264 -5.715 1.1597 0 0 0 0
1692361866.6319685 3.9685 -5.7824 1.1558 0 0 0 0
1692361866.8239412 4.0269 -5.9212 1.156 0 0 0 0
1692361866.9999049 4.0529 -5.9687 1.1589 0 0 0 0
1692361867.1758711 4.0801 -6.014 1.1579 0 0 0 0
1692361868.438027 4.2695 -6.5045 1.1338 0 0 0 0
1692361868.5503433 4.2902 -6.5547 1.1317 0 0 0 0
1692361868.6779978 4.3031 -6.5927 1.128 0 0 0 0
1692361868.8379786 4.3107 -6.6295 1.128 0 0 0 0
1692361869.1099217 4.3402 -6.7189 1.129 0 0 0 0
1692361869.223221 4.3527 -6.7558 1.13 0 0 0 0
1692361869.399224 4.377 -6.8242 1.1296 0 0 0 0
1692361869.6231322 4.4115 -6.881 1.1313 0 0 0 0
1692361869.8150942 4.42 -6.9199 1.1286 0 0 0 0
1692361869.9270716 4.4329 -6.962 1.126 0 0 0 0
1692361870.055129 4.4458 -6.9911 1.1268 0 0 0 0
1692361870.215195 4.4518 -7.005 1.1252 0 0 0 0
1692361870.4231403 4.4686 -7.0532 1.124 0 0 0 0
1692361870.5671282 4.4801 -7.0795 1.1232 0 0 0 0
1692361870.7110798 4.4923 -7.1259 1.1233 0 0 0 0
1692361870.8710277 4.5087 -7.2124 1.1213 0 0 0 0
1692361871.047005 4.5095 -7.2572 1.1167 0 0 0 0
1692361871.2387064 4.5237 -7.2814 1.1122 0 0 0 0
1692361871.399083 4.5284 -7.2859 1.1111 0 0 0 0
1692361871.6070309 4.5325 -7.3227 1.1084 0 0 0 0
1692361871.7830105 4.5325 -7.3227 1.1084 0 0 0 0
1692361871.8630133 4.5166 -7.3708 1.1081 0 0 0 0
1692361872.0229588 4.5099 -7.401 1.1052 0 0 0 0
1692361872.230907 4.4729 -7.4759 1.1011 0 0 0 0
1692361872.3908527 4.4547 -7.5048 1.0976 0 0 0 0
1692361872.5188498 4.416 -7.5637 1.0949 0 0 0 0
1692361872.7108054 4.395 -7.5954 1.0898 0 0 0 0
1692361872.9027703 4.3742 -7.6228 1.0854 0 0 0 0
1692361873.0947416 4.3277 -7.6765 1.08 0 0 0 0
1692361873.3026862 4.2828 -7.732 1.0756 0 0 0 0
1692361873.4146447 4.2677 -7.7519 1.0724 0 0 0 0
1692361873.5427332 4.2413 -7.7688 1.0704 0 0 0 0
1692361873.686616 4.2091 -7.7882 1.0691 0 0 0 0
1692361873.862595 4.1828 -7.8211 1.0684 0 0 0 0
1692361874.3744855 4.0278 -7.9497 1.0552 0 0 0 0
1692361874.5184658 3.9913 -7.9689 1.0566 0 0 0 0
1692361874.6944766 3.9617 -7.9979 1.0531 0 0 0 0
1692361874.8224082 3.9235 -8.0227 1.0509 0 0 0 0
1692361874.9343789 3.8626 -8.0551 1.0493 0 0 0 0
1692361875.2383337 3.7861 -8.0913 1.0465 0 0 0 0
1692361875.414291 3.7281 -8.1268 1.0427 0 0 0 0
1692361875.6382048 3.704 -8.1502 1.0422 0 0 0 0
1692361875.830218 3.6275 -8.1843 1.0414 0 0 0 0
1692361875.9581945 3.5843 -8.1958 1.0355 0 0 0 0
1692361876.150159 3.5291 -8.2159 1.0385 0 0 0 0
1692361876.2941244 3.4715 -8.2355 1.0392 0 0 0 0
1692361876.453636 3.3952 -8.2625 1.0375 0 0 0 0
1692361876.6296196 3.3524 -8.2749 1.034 0 0 0 0
1692361876.82156 3.2698 -8.3054 1.0298 0 0 0 0
1692361877.0295477 3.2274 -8.319 1.0277 0 0 0 0
1692361877.2534895 3.1602 -8.3386 1.025 0 0 0 0
1692361877.4298074 3.0757 -8.362 1.0248 0 0 0 0
1692361877.5417707 3.0374 -8.3781 1.0252 0 0 0 0
1692361877.7657127 2.9522 -8.4135 1.0256 0 0 0 0
1692361877.9257047 2.9174 -8.4253 1.0248 0 0 0 0
1692361878.085666 2.8788 -8.4444 1.0252 0 0 0 0
1692361878.2776184 2.7984 -8.4807 1.0232 0 0 0 0
1692361878.3895886 2.7665 -8.4908 1.0228 0 0 0 0
1692361878.5337536 2.6814 -8.5271 1.0218 0 0 0 0
1692361878.7257795 2.6458 -8.5395 1.021 0 0 0 0
1692361878.9177012 2.6117 -8.5507 1.0216 0 0 0 0
1692361879.1576395 2.5214 -8.5764 1.0224 0 0 0 0
1692361879.3016143 2.3976 -8.5964 1.0217 0 0 0 0
1692361879.4934394 2.3599 -8.6077 1.0212 0 0 0 0
1692361879.6374087 2.32 -8.6093 1.0222 0 0 0 0
1692361879.87738 2.2291 -8.6321 1.025 0 0 0 0
1692361880.0533118 2.1898 -8.6392 1.0233 0 0 0 0
1692361880.277249 2.0805 -8.6765 1.0198 0 0 0 0
1692361880.40526 2.0376 -8.6889 1.0202 0 0 0 0
1692361880.597359 1.9491 -8.7079 1.0217 0 0 0 0
1692361880.885294 1.8597 -8.7283 1.0223 0 0 0 0
1692361880.9972618 1.8067 -8.739 1.0249 0 0 0 0
1692361881.317212 1.7352 -8.7593 1.0242 0 0 0 0
1692361881.4611845 1.6548 -8.7757 1.026 0 0 0 0
1692361881.6691806 1.6087 -8.7876 1.0259 0 0 0 0
1692361881.98911 1.4533 -8.822 1.0309 0 0 0 0
1692361882.1170845 1.4533 -8.822 1.0309 0 0 0 0
1692361882.2930117 1.3737 -8.8473 1.0311 0 0 0 0
1692361882.4370291 1.3279 -8.8672 1.0334 0 0 0 0
1692361882.6288705 1.2336 -8.8911 1.0385 0 0 0 0
1692361882.8048532 1.1657 -8.9001 1.0389 0 0 0 0
1692361882.9328008 1.1312 -8.9119 1.037 0 0 0 0
1692361883.2047842 1.0415 -8.9384 1.0401 0 0 0 0
1692361883.316731 0.995 -8.9515 1.0448 0 0 0 0
1692361883.4607134 0.8963 -8.9758 1.0493 0 0 0 0
1692361883.6367676 0.8571 -8.9925 1.0492 0 0 0 0
1692361883.8127303 0.7799 -9.0069 1.0472 0 0 0 0
1692361884.0686908 0.7111 -9.0372 1.0439 0 0 0 0
1692361884.1806672 0.6712 -9.0527 1.0449 0 0 0 0
1692361884.3406188 0.6244 -9.0655 1.0465 0 0 0 0
1692361884.5166025 0.5799 -9.0782 1.0471 0 0 0 0
1692361884.6446297 0.5356 -9.0892 1.0482 0 0 0 0
1692361884.7886057 0.4512 -9.113 1.0452 0 0 0 0
1692361884.932613 0.4197 -9.1242 1.0446 0 0 0 0
1692361885.0285225 0.3702 -9.1399 1.0439 0 0 0 0
1692361885.3324957 0.2251 -9.1846 1.0509 0 0 0 0
1692361885.5725195 0.1347 -9.2241 1.0488 0 0 0 0
1692361885.764377 0.095 -9.2314 1.0472 0 0 0 0
1692361885.8763523 0.052 -9.2459 1.0441 0 0 0 0
1692361886.0842671 -0.0221 -9.2756 1.0467 0 0 0 0
1692361886.6761634 -0.2737 -9.3427 1.0418 0 0 0 0
1692361886.836109 -0.3266 -9.3549 1.0406 0 0 0 0
1692361887.012118 -0.3644 -9.3684 1.0408 0 0 0 0
1692361887.2200575 -0.45 -9.384 1.0382 0 0 0 0
1692361887.364023 -0.4927 -9.3865 1.0392 0 0 0 0
1692361887.524005 -0.5759 -9.3986 1.0397 0 0 0 0
1692361887.69997 -0.6064 -9.3931 1.0402 0 0 0 0
1692361887.889771 -0.7088 -9.4146 1.0399 0 0 0 0
1692361888.065776 -0.7997 -9.4244 1.0451 0 0 0 0
1692361888.1617155 -0.7997 -9.4244 1.0451 0 0 0 0
1692361888.3056946 -0.9044 -9.4327 1.0504 0 0 0 0
1692361888.4176486 -0.9044 -9.4327 1.0504 0 0 0 0
1692361888.5777152 -0.9816 -9.4435 1.0486 0 0 0 0
1692361888.7716725 -1.0579 -9.4508 1.0508 0 0 0 0
1692361888.9156494 -1.1033 -9.4508 1.0522 0 0 0 0
1692361889.1396072 -1.1435 -9.4572 1.052 0 0 0 0
1692361889.299596 -1.2319 -9.4594 1.0569 0 0 0 0
1692361889.4595711 -1.3283 -9.4764 1.0606 0 0 0 0
1692361889.6996472 -1.429 -9.4957 1.0623 0 0 0 0
1692361889.8275952 -1.4684 -9.5068 1.0614 0 0 0 0
1692361889.9556336 -1.513 -9.5126 1.0615 0 0 0 0
1692361890.115796 -1.6126 -9.5175 1.0674 0 0 0 0
1692361890.2755468 -1.6562 -9.5223 1.067 0 0 0 0
1692361890.435545 -1.6941 -9.529 1.0654 0 0 0 0
1692361890.563491 -1.7327 -9.5376 1.0649 0 0 0 0
1692361890.6914897 -1.8073 -9.5532 1.062 0 0 0 0
1692361890.8353114 -1.8073 -9.5532 1.062 0 0 0 0
1692361890.9472952 -1.8985 -9.5659 1.0622 0 0 0 0
1692361891.187251 -1.9503 -9.5774 1.0658 0 0 0 0
1692361891.3631835 -2.0902 -9.5981 1.0639 0 0 0 0
1692361891.5071828 -2.0902 -9.5981 1.0639 0 0 0 0
1692361891.619191 -2.1546 -9.6115 1.0598 0 0 0 0
1692361891.7311497 -2.2046 -9.6175 1.0603 0 0 0 0
1692361891.9230824 -2.2502 -9.6276 1.0611 0 0 0 0
1692361892.0773752 -2.3416 -9.6535 1.0658 0 0 0 0
1692361892.2853231 -2.3853 -9.6589 1.067 0 0 0 0
1692361892.445289 -2.4862 -9.685 1.0682 0 0 0 0
1692361892.6052773 -2.5653 -9.7048 1.0681 0 0 0 0
1692361892.7172327 -2.6101 -9.7242 1.0688 0 0 0 0
1692361892.9091992 -2.6565 -9.7423 1.0709 0 0 0 0
1692361893.091066 -2.7019 -9.7567 1.0704 0 0 0 0
1692361893.2350235 -2.786 -9.7818 1.0689 0 0 0 0
1692361893.3950205 -2.8843 -9.8127 1.0705 0 0 0 0
1692361893.570999 -2.9364 -9.8369 1.0664 0 0 0 0
1692361893.666943 -2.9364 -9.8369 1.0664 0 0 0 0
1692361893.8108594 -2.9763 -9.86 1.0667 0 0 0 0
1692361893.9548976 -3.0643 -9.896 1.0684 0 0 0 0
1692361894.1468022 -3.0872 -9.9185 1.0688 0 0 0 0
1692361894.3067913 -3.1249 -9.9507 1.0673 0 0 0 0
1692361894.4667573 -3.224 -9.9833 1.0664 0 0 0 0
1692361894.6266992 -3.2881 -10.0322 1.0704 0 0 0 0
1692361894.848633 -3.329 -10.0608 1.0712 0 0 0 0
1692361894.9705794 -3.3685 -10.0953 1.0722 0 0 0 0
1692361895.2035627 -3.4433 -10.1554 1.0718 0 0 0 0
1692361895.3795288 -3.5019 -10.2172 1.0727 0 0 0 0
1692361895.6034834 -3.5785 -10.2918 1.0738 0 0 0 0
1692361895.819425 -3.6504 -10.3614 1.0735 0 0 0 0
1692361896.0114205 -3.668 -10.3938 1.0745 0 0 0 0
1692361896.1233866 -3.6988 -10.4283 1.075 0 0 0 0
1692361896.2783363 -3.737 -10.4637 1.0736 0 0 0 0
1692361896.4383066 -3.7578 -10.5043 1.0757 0 0 0 0
1692361896.588333 -3.7943 -10.5764 1.0776 0 0 0 0
1692361896.748262 -3.8113 -10.6101 1.0766 0 0 0 0
1692361896.919217 -3.8643 -10.6861 1.0795 0 0 0 0
1692361897.111127 -3.9112 -10.7742 1.0838 0 0 0 0
1692361897.287102 -3.9309 -10.8093 1.085 0 0 0 0
1692361897.4240918 -3.9475 -10.8398 1.087 0 0 0 0
1692361897.5960956 -3.9913 -10.9244 1.0886 0 0 0 0
1692361897.7030292 -4.008 -10.9694 1.0904 0 0 0 0
1692361897.8909724 -4.0344 -11.0549 1.0929 0 0 0 0
1692361898.024917 -4.0344 -11.0549 1.0929 0 0 0 0
1692361898.181033 -4.0572 -11.1362 1.0936 0 0 0 0
1692361898.3410504 -4.0859 -11.2192 1.0951 0 0 0 0
1692361899.052884 -4.1567 -11.4576 1.1041 0 0 0 0
1692361899.164878 -4.194 -11.5023 1.1108 0 0 0 0
1692361899.3328066 -4.226 -11.5368 1.114 0 0 0 0
1692361899.4997792 -4.2639 -11.5649 1.1152 0 0 0 0
1692361899.6717634 -4.3391 -11.6303 1.113 0 0 0 0
1692361899.8477485 -4.3757 -11.6375 1.1094 0 0 0 0
1692361899.9757328 -4.4608 -11.6705 1.1071 0 0 0 0
1692361900.1636195 -4.4998 -11.6818 1.1102 0 0 0 0
1692361900.3195145 -4.5753 -11.7046 1.1088 0 0 0 0
1692361900.479574 -4.6585 -11.7265 1.1067 0 0 0 0
1692361900.575522 -4.6585 -11.7265 1.1067 0 0 0 0
1692361900.767472 -4.7269 -11.7433 1.1067 0 0 0 0
1692361900.905417 -4.8285 -11.7482 1.1085 0 0 0 0
1692361901.1454072 -4.8676 -11.7463 1.1103 0 0 0 0
1692361901.305477 -4.922 -11.7551 1.1142 0 0 0 0
1692361901.4654455 -5.0075 -11.7684 1.1132 0 0 0 0
1692361901.6734202 -5.0938 -11.7864 1.1158 0 0 0 0
1692361901.8963563 -5.1467 -11.7889 1.1167 0 0 0 0
1692361902.0624423 -5.2334 -11.808 1.123 0 0 0 0
1692361902.1743264 -5.3246 -11.8403 1.1302 0 0 0 0
1692361902.3492875 -5.3246 -11.8403 1.1302 0 0 0 0
1692361902.508232 -5.4048 -11.8603 1.1324 0 0 0 0
1692361902.6951964 -5.5039 -11.8789 1.1311 0 0 0 0
1692361902.895159 -5.5561 -11.8955 1.1336 0 0 0 0
1692361903.0371227 -5.6049 -11.9115 1.1339 0 0 0 0
1692361903.2290957 -5.7006 -11.9433 1.1336 0 0 0 0
1692361903.4209728 -5.7509 -11.9553 1.1341 0 0 0 0
1692361903.5859628 -5.7309 -11.9514 1.1326 0 0 0 0
1692361903.681941 -5.7395 -11.9537 1.1328 0 0 0 0
1692361903.8099213 -5.7506 -11.9578 1.1334 0 0 0 0
1692361903.9058962 -5.7611 -11.9638 1.1339 0 0 0 0
1692361904.1278276 -5.7716 -11.968 1.1323 0 0 0 0
1692361904.2498016 -5.7787 -11.9782 1.1262 0 0 0 0
1692361904.3458488 -5.7905 -11.981 1.125 0 0 0 0
1692361904.5307682 -5.8249 -11.9758 1.1241 0 0 0 0
1692361904.6557753 -5.9207 -11.9318 1.1245 0 0 0 0
1692361904.7837255 -5.9503 -11.9115 1.1246 0 0 0 0
1692361904.8957596 -5.9734 -11.889 1.1229 0 0 0 0
1692361905.0336764 -6.0118 -11.8692 1.1221 0 0 0 0
1692361905.2496548 -6.0515 -11.8455 1.1137 0 0 0 0
1692361905.3926816 -6.0741 -11.8202 1.1123 0 0 0 0
1692361905.5366611 -6.139 -11.737 1.1125 0 0 0 0
1692361905.7205968 -6.157 -11.7131 1.1097 0 0 0 0
1692361905.863582 -6.2129 -11.6387 1.1081 0 0 0 0
1692361906.0225692 -6.2431 -11.5995 1.1095 0 0 0 0
1692361906.2105036 -6.2984 -11.5201 1.1071 0 0 0 0
1692361906.332384 -6.3262 -11.4747 1.1039 0 0 0 0
1692361906.4923863 -6.3851 -11.3916 1.1011 0 0 0 0
1692361906.652391 -6.4171 -11.3515 1.0998 0 0 0 0
1692361906.804287 -6.4407 -11.3179 1.0977 0 0 0 0
1692361906.9922526 -6.513 -11.2371 1.0913 0 0 0 0
1692361907.2322304 -6.5588 -11.1842 1.0803 0 0 0 0
1692361907.3921678 -6.5812 -11.1472 1.0772 0 0 0 0
1692361907.5421152 -6.6372 -11.0849 1.0688 0 0 0 0
1692361907.6771257 -6.6655 -11.0466 1.0655 0 0 0 0
1692361907.8980808 -6.6832 -11.0077 1.0629 0 0 0 0
1692361908.0420566 -6.7511 -10.9399 1.056 0 0 0 0
1692361908.2479868 -6.7826 -10.8942 1.0515 0 0 0 0
1692361908.3600266 -6.8264 -10.8346 1.0474 0 0 0 0
1692361908.5479372 -6.8627 -10.7883 1.0445 0 0 0 0
1692361908.6439655 -6.8965 -10.7553 1.0419 0 0 0 0
1692361908.8129165 -6.941 -10.6927 1.0401 0 0 0 0
1692361909.045852 -6.9829 -10.6465 1.0368 0 0 0 0
1692361909.2358248 -7.0283 -10.5838 1.0366 0 0 0 0
1692361909.3607893 -7.0627 -10.5432 1.0317 0 0 0 0
1692361909.4818785 -7.1176 -10.4734 1.0263 0 0 0 0
1692361909.646833 -7.1176 -10.4734 1.0263 0 0 0 0
1692361909.8537805 -7.2029 -10.3536 1.0209 0 0 0 0
1692361909.9178033 -7.228 -10.3223 1.0183 0 0 0 0
1692361910.1407228 -7.2548 -10.3034 1.0176 0 0 0 0
1692361910.314703 -7.3068 -10.2359 1.0128 0 0 0 0
1692361910.4176118 -7.3375 -10.2063 1.0094 0 0 0 0
1692361910.6335568 -7.4147 -10.1362 1.0092 0 0 0 0
1692361911.3055198 -7.6261 -9.9854 1.0026 0 0 0 0
1692361911.5457745 -7.6812 -9.9631 1.0033 0 0 0 0
1692361911.7028463 -7.7195 -9.9467 1.001 0 0 0 0
1692361911.8948474 -7.7964 -9.905 0.9965 0 0 0 0
1692361912.1187944 -7.8734 -9.8753 0.9939 0 0 0 0
1692361912.2467694 -7.9098 -9.8585 0.9917 0 0 0 0
1692361912.4387228 -8.0026 -9.8231 0.9957 0 0 0 0
1692361912.5667846 -8.0475 -9.8105 0.9936 0 0 0 0
1692361912.7132826 -8.1194 -9.7859 0.989 0 0 0 0
1692361912.985204 -8.2183 -9.7605 0.9861 0 0 0 0
1692361913.2411623 -8.2914 -9.7437 0.9874 0 0 0 0
1692361913.401106 -8.3864 -9.7393 0.9848 0 0 0 0
1692361913.497107 -8.4112 -9.7363 0.9844 0 0 0 0
1692361913.6890612 -8.4549 -9.7414 0.9852 0 0 0 0
1692361913.833012 -8.5562 -9.7454 0.9893 0 0 0 0
1692361913.9769888 -8.6032 -9.7483 0.9903 0 0 0 0
1692361914.0889764 -8.6627 -9.7528 0.9932 0 0 0 0
1692361914.2009664 -8.7063 -9.755 0.9957 0 0 0 0
1692361914.4089212 -8.7873 -9.7635 0.9934 0 0 0 0
1692361914.536876 -8.7873 -9.7635 0.9934 0 0 0 0
1692361914.6487403 -8.8796 -9.7731 0.9897 0 0 0 0
1692361914.8567371 -8.9182 -9.7819 0.9901 0 0 0 0
1692361915.048715 -9.0224 -9.8028 0.9935 0 0 0 0
1692361915.3366609 -9.109 -9.8254 0.9923 0 0 0 0
1692361915.5446336 -9.2044 -9.8515 0.9897 0 0 0 0
1692361915.6885498 -9.2776 -9.8824 0.9925 0 0 0 0
1692361915.862053 -9.3772 -9.8867 0.9856 0 0 0 0
1692361915.9739778 -9.3772 -9.8867 0.9856 0 0 0 0
1692361916.1819532 -9.4536 -9.9048 0.9813 0 0 0 0
1692361916.3099332 -9.4536 -9.9048 0.9813 0 0 0 0
1692361916.4858625 -9.582 -9.9283 0.9805 0 0 0 0
1692361916.61386 -9.582 -9.9283 0.9805 0 0 0 0
1692361916.7603674 -9.6681 -9.9394 0.9833 0 0 0 0
1692361916.9043486 -9.6469 -9.9391 0.9808 0 0 0 0
1692361917.144308 -9.6621 -9.9416 0.9806 0 0 0 0
1692361917.2557423 -9.7257 -9.955 0.9776 0 0 0 0
1692361917.4642522 -9.7573 -9.9543 0.9715 0 0 0 0
1692361917.6082437 -9.7868 -9.9533 0.9726 0 0 0 0
1692361917.7682111 -9.8002 -9.9556 0.9744 0 0 0 0
1692361917.9761918 -9.8237 -9.9402 0.9766 0 0 0 0
1692361918.200133 -9.8426 -9.9263 0.9728 0 0 0 0
1692361918.3281183 -9.8594 -9.9087 0.9741 0 0 0 0
1692361918.48809 -9.8654 -9.8949 0.9752 0 0 0 0
1692361918.696056 -9.8786 -9.877 0.9742 0 0 0 0
1692361918.8720398 -9.8827 -9.8532 0.9728 0 0 0 0
1692361919.127945 -9.8906 -9.8221 0.9734 0 0 0 0
1692361919.2399366 -9.8906 -9.8221 0.9734 0 0 0 0
1692361919.383884 -9.8863 -9.7937 0.9763 0 0 0 0
1692361919.5118775 -9.8786 -9.7635 0.974 0 0 0 0
1692361919.7358806 -9.8724 -9.752 0.9731 0 0 0 0
1692361919.8319082 -9.8606 -9.7314 0.9709 0 0 0 0
1692361920.023892 -9.849 -9.7246 0.9738 0 0 0 0
1692361920.1998396 -9.8228 -9.7107 0.9756 0 0 0 0
1692361920.3438165 -9.8058 -9.7035 0.9775 0 0 0 0
1692361920.4877872 -9.7829 -9.7021 0.979 0 0 0 0
1692361920.6317368 -9.7175 -9.6829 0.9796 0 0 0 0
1692361920.7757287 -9.7175 -9.6829 0.9796 0 0 0 0
1692361920.887666 -9.6716 -9.6779 0.9806 0 0 0 0
1692361921.0316536 -9.6716 -9.6779 0.9806 0 0 0 0
1692361921.239614 -9.6946 -9.6769 0.9784 0 0 0 0
1692361921.4315553 -9.6266 -9.6671 0.978 0 0 0 0
1692361921.5915337 -9.573 -9.6527 0.9748 0 0 0 0
1692361921.719491 -9.5233 -9.6394 0.9771 0 0 0 0
1692361921.911438 -9.4006 -9.5951 0.985 0 0 0 0
1692361922.087356 -9.3734 -9.588 0.9837 0 0 0 0
1692361922.2153213 -9.3372 -9.5748 0.9844 0 0 0 0
1692361922.3753147 -9.2319 -9.5517 0.987 0 0 0 0
1692361922.5352683 -9.1832 -9.5345 0.9876 0 0 0 0
1692361922.7432218 -9.139 -9.5201 0.9892 0 0 0 0
1692361922.9031756 -9.0624 -9.5007 0.9887 0 0 0 0
1692361922.999136 -9.0145 -9.4838 0.9919 0 0 0 0
1692361923.6550243 -8.7408 -9.3762 0.9939 0 0 0 0
1692361923.8309798 -8.6918 -9.362 0.9933 0 0 0 0
1692361924.023103 -8.6525 -9.3457 0.9949 0 0 0 0
1692361924.2150466 -8.5673 -9.3088 0.9914 0 0 0 0
1692361924.3910449 -8.5354 -9.3044 0.989 0 0 0 0
1692361924.550975 -8.4373 -9.2624 0.9884 0 0 0 0
1692361924.678977 -8.4081 -9.2526 0.9895 0 0 0 0
1692361924.822948 -8.3701 -9.2425 0.9923 0 0 0 0
1692361924.9668715 -8.2637 -9.2114 0.9941 0 0 0 0
1692361925.2547958 -8.1884 -9.1787 0.992 0 0 0 0
1692361925.4147785 -8.0958 -9.1488 0.9975 0 0 0 0
1692361925.6067257 -8.0596 -9.1269 0.9982 0 0 0 0
1692361925.7347023 -7.9712 -9.0998 0.9942 0 0 0 0
1692361925.926564 -7.9411 -9.0929 0.9939 0 0 0 0
1692361926.1185403 -7.8435 -9.0506 0.9992 0 0 0 0
1692361926.2144952 -7.8435 -9.0506 0.9992 0 0 0 0
1692361926.3744457 -7.748 -9.0034 0.9968 0 0 0 0
1692361926.5824814 -7.6696 -8.986 0.9951 0 0 0 0
1692361926.7423964 -7.6319 -8.969 0.9959 0 0 0 0
1692361926.854373 -7.5863 -8.943 0.996 0 0 0 0
1692361927.0303807 -7.5136 -8.9229 0.9942 0 0 0 0
1692361927.286313 -7.4813 -8.9115 0.9919 0 0 0 0
1692361927.4303298 -7.3926 -8.8835 0.993 0 0 0 0
1692361927.5582778 -7.3075 -8.8668 0.9933 0 0 0 0
1692361927.7022583 -7.2568 -8.854 0.997 0 0 0 0
1692361927.8463736 -7.2184 -8.8321 0.9988 0 0 0 0
1692361928.13362 -7.1219 -8.799 1.0018 0 0 0 0
1692361928.309554 -7.031 -8.7714 0.9997 0 0 0 0
1692361928.5335093 -6.9906 -8.7599 0.9996 0 0 0 0
1692361928.6934457 -6.9168 -8.7271 0.9954 0 0 0 0
1692361928.869445 -6.8377 -8.7088 0.9953 0 0 0 0
1692361929.0453997 -6.7374 -8.6966 1.0006 0 0 0 0
1692361929.1578734 -6.7374 -8.6966 1.0006 0 0 0 0
1692361929.3178756 -6.6987 -8.6917 0.9995 0 0 0 0
1692361929.445824 -6.6257 -8.6852 1.0004 0 0 0 0
1692361929.6538024 -6.5157 -8.6823 1.0042 0 0 0 0
1692361929.8617685 -6.4378 -8.6707 1.0076 0 0 0 0
1692361930.037729 -6.3874 -8.6743 1.0086 0 0 0 0
1692361930.16573 -6.2993 -8.6725 1.0097 0 0 0 0
1692361930.3257236 -6.2604 -8.6674 1.0109 0 0 0 0
1692361930.4856963 -6.2196 -8.666 1.0078 0 0 0 0
1692361930.661651 -6.175 -8.652 1.0117 0 0 0 0
1692361930.789666 -6.098 -8.6262 1.0142 0 0 0 0
1692361930.9495986 -6.0636 -8.6109 1.0148 0 0 0 0
1692361931.1896243 -5.954 -8.5483 1.0186 0 0 0 0
1692361931.365533 -5.9183 -8.5243 1.0172 0 0 0 0
1692361931.541501 -5.8552 -8.4806 1.0142 0 0 0 0
1692361931.669486 -5.8552 -8.4806 1.0142 0 0 0 0
1692361931.8614268 -5.7825 -8.4458 1.0143 0 0 0 0
1692361932.0533967 -5.6943 -8.388 1.0185 0 0 0 0
1692361932.2134478 -5.6595 -8.361 1.0205 0 0 0 0
1692361932.4214342 -5.5841 -8.3237 1.0219 0 0 0 0
1692361932.5814176 -5.5114 -8.2961 1.0185 0 0 0 0
1692361932.8213582 -5.4824 -8.2786 1.018 0 0 0 0
1692361933.0293183 -5.412 -8.2352 1.0204 0 0 0 0
1692361933.285257 -5.3032 -8.1872 1.0256 0 0 0 0
1692361933.4611487 -5.2305 -8.1549 1.0253 0 0 0 0
1692361933.6051264 -5.2009 -8.1421 1.0272 0 0 0 0
1692361933.797094 -5.1075 -8.0981 1.0358 0 0 0 0
1692361933.9093058 -5.0624 -8.0729 1.0384 0 0 0 0
1692361934.0689995 -5.0234 -8.0683 1.0403 0 0 0 0
1692361934.2130554 -4.995 -8.0623 1.0393 0 0 0 0
1692361934.4370852 -4.9012 -8.0145 1.0377 0 0 0 0
1692361934.5810928 -4.8434 -7.9946 1.0384 0 0 0 0
1692361934.7090368 -4.8006 -7.9784 1.0431 0 0 0 0
1692361934.9169855 -4.7655 -7.97 1.0455 0 0 0 0
1692361935.124971 -4.6732 -7.9409 1.0435 0 0 0 0
1692361935.3327625 -4.6073 -7.9186 1.0448 0 0 0 0
1692361936.0205936 -4.3361 -7.8289 1.0524 0 0 0 0
1692361936.180604 -4.2982 -7.8139 1.0498 0 0 0 0
1692361936.3245215 -4.2553 -7.7987 1.0523 0 0 0 0
1692361936.4525073 -4.1857 -7.7784 1.0476 0 0 0 0
1692361936.628461 -4.1453 -7.7698 1.0541 0 0 0 0
1692361936.8043947 -4.0556 -7.746 1.055 0 0 0 0
1692361937.0443876 -4.0313 -7.7283 1.0498 0 0 0 0
1692361937.2843587 -3.8904 -7.7054 1.0543 0 0 0 0
1692361937.3965302 -3.8904 -7.7054 1.0543 0 0 0 0
1692361937.5245025 -3.8041 -7.6914 1.0542 0 0 0 0
1692361937.7644773 -3.7748 -7.689 1.0575 0 0 0 0
1692361937.8764403 -3.6791 -7.6713 1.0591 0 0 0 0
1692361938.1643865 -3.5782 -7.6378 1.0603 0 0 0 0
1692361938.3403487 -3.493 -7.6148 1.0592 0 0 0 0
1692361938.4841585 -3.4602 -7.6082 1.0584 0 0 0 0
1692361938.6441257 -3.4148 -7.5988 1.0578 0 0 0 0
1692361938.8201232 -3.4148 -7.5988 1.0578 0 0 0 0
1692361938.948084 -3.4339 -7.6021 1.0565 0 0 0 0
1692361939.2040231 -3.4179 -7.5993 1.0566 0 0 0 0
1692361939.315977 -3.3919 -7.5927 1.0595 0 0 0 0
1692361939.508143 -3.3345 -7.5868 1.059 0 0 0 0
1692361939.6520803 -3.2698 -7.5721 1.059 0 0 0 0
1692361939.8600514 -3.1847 -7.5493 1.0623 0 0 0 0
1692361940.036038 -3.1353 -7.5352 1.0631 0 0 0 0
1692361940.1160228 -3.0457 -7.5231 1.0648 0 0 0 0
1692361940.3079865 -3.0007 -7.5084 1.0654 0 0 0 0
1692361940.4037683 -2.9535 -7.4966 1.0655 0 0 0 0
1692361940.5957212 -2.8822 -7.4879 1.057 0 0 0 0
1692361940.7556908 -2.8287 -7.4793 1.0571 0 0 0 0
1692361940.9156494 -2.7276 -7.4516 1.0613 0 0 0 0
1692361941.2995777 -2.61 -7.4211 1.0574 0 0 0 0
1692361941.4595606 -2.5661 -7.417 1.0569 0 0 0 0
1692361941.5875187 -2.5147 -7.4029 1.0574 0 0 0 0
1692361941.7474866 -2.4417 -7.3762 1.0574 0 0 0 0
1692361941.8754616 -2.394 -7.3618 1.06 0 0 0 0
1692361942.0673797 -2.342 -7.3542 1.0604 0 0 0 0
1692361942.2274103 -2.256 -7.333 1.0593 0 0 0 0
1692361942.419369 -2.2167 -7.3165 1.0602 0 0 0 0
1692361942.5635028 -2.1273 -7.2864 1.06 0 0 0 0
1692361942.7714689 -2.0967 -7.2746 1.06 0 0 0 0
1692361942.8674402 -2.0167 -7.2632 1.0603 0 0 0 0
1692361943.1393924 -1.9161 -7.2388 1.0583 0 0 0 0
1692361943.3313498 -1.9161 -7.2388 1.0583 0 0 0 0
1692361943.474986 -1.7878 -7.1995 1.0643 0 0 0 0
1692361943.6828914 -1.6946 -7.1632 1.066 0 0 0 0
1692361943.9228313 -1.6215 -7.1478 1.0639 0 0 0 0
1692361944.1148028 -1.5817 -7.1332 1.0637 0 0 0 0
1692361944.2907991 -1.504 -7.0942 1.0653 0 0 0 0
1692361944.4827397 -1.4611 -7.0781 1.068 0 0 0 0
1692361944.6750228 -1.3604 -7.0343 1.072 0 0 0 0
1692361944.8669467 -1.2846 -7.004 1.0741 0 0 0 0
1692361945.1548977 -1.15 -6.949 1.0756 0 0 0 0
1692361945.3469114 -1.15 -6.949 1.0756 0 0 0 0
1692361945.554839 -1.0687 -6.9175 1.0751 0 0 0 0
1692361945.633999 -0.9777 -6.8831 1.0783 0 0 0 0
1692361945.7779667 -0.9396 -6.8678 1.0768 0 0 0 0
1692361946.0339024 -0.8697 -6.8392 1.079 0 0 0 0
1692361946.4018917 -0.8245 -6.8238 1.0801 0 0 0 0
1692361946.529864 -0.7729 -6.7982 1.0786 0 0 0 0
1692361946.7066731 -0.7575 -6.7934 1.0771 0 0 0 0
1692361946.8826408 -0.7351 -6.778 1.0777 0 0 0 0
1692361947.1545548 -0.6829 -6.7168 1.0799 0 0 0 0
1692361947.346562 -0.6588 -6.6595 1.08 0 0 0 0
1692361947.5705705 -0.639 -6.6014 1.0748 0 0 0 0
1692361947.7145529 -0.6341 -6.5714 1.0747 0 0 0 0
1692361948.386424 -0.6861 -6.3142 1.0732 0 0 0 0
1692361948.594396 -0.7436 -6.2117 1.0747 0 0 0 0
1692361948.7863798 -0.7615 -6.1537 1.0755 0 0 0 0
1692361948.9143538 -0.7958 -6.0298 1.0761 0 0 0 0
1692361949.186277 -0.8093 -5.9896 1.0756 0 0 0 0
1692361949.394241 -0.8316 -5.9221 1.0709 0 0 0 0
1692361949.522223 -0.8429 -5.9042 1.0719 0 0 0 0
1692361949.6662445 -0.8509 -5.8917 1.0702 0 0 0 0
1692361949.825214 -0.8568 -5.8734 1.0674 0 0 0 0
1692361949.9851737 -0.8557 -5.8374 1.0674 0 0 0 0
1692361950.129141 -0.8565 -5.8259 1.0658 0 0 0 0
1692361950.305128 -0.8534 -5.8128 1.0659 0 0 0 0
1692361950.4650695 -0.8338 -5.7827 1.0676 0 0 0 0
1692361950.657045 -0.8316 -5.7751 1.0672 0 0 0 0
1692361950.865969 -0.8225 -5.7667 1.0699 0 0 0 0
1692361951.0099266 -0.8225 -5.7667 1.0699 0 0 0 0
1692361951.153906 -0.806 -5.7601 1.0704 0 0 0 0
1692361951.3298547 -0.7795 -5.7595 1.0719 0 0 0 0
1692361951.537809 -0.7634 -5.7623 1.0747 0 0 0 0
1692361951.6337934 -0.7393 -5.767 1.075 0 0 0 0
1692361951.8096962 -0.7359 -5.7672 1.0744 0 0 0 0
1692361952.0496454 -0.697 -5.7787 1.0724 0 0 0 0
1692361952.2736087 -0.5985 -5.8369 1.0739 0 0 0 0
1692361952.4656038 -0.5649 -5.86 1.0749 0 0 0 0
1692361952.7055693 -0.5003 -5.93 1.0745 0 0 0 0
1692361952.849585 -0.4376 -5.9859 1.0766 0 0 0 0
1692361953.04155 -0.4042 -6.0267 1.0761 0 0 0 0
1692361953.2015266 -0.3528 -6.0861 1.0713 0 0 0 0
1692361953.361491 -0.2912 -6.1533 1.0769 0 0 0 0
1692361953.5054562 -0.2507 -6.1923 1.0796 0 0 0 0
1692361953.6974096 -0.2202 -6.2342 1.083 0 0 0 0
1692361953.8413117 -0.1959 -6.2712 1.084 0 0 0 0
1692361953.9853044 -0.1479 -6.3648 1.0789 0 0 0 0
1692361954.273261 -0.102 -6.4372 1.0814 0 0 0 0
1692361954.497293 -0.0758 -6.4701 1.0816 0 0 0 0
1692361954.6411986 -0.0262 -6.5284 1.078 0 0 0 0
1692361954.8810885 0.0406 -6.5784 1.0803 0 0 0 0
1692361955.153058 0.0999 -6.6319 1.0839 0 0 0 0
1692361955.3290222 0.1828 -6.6659 1.0891 0 0 0 0
1692361955.4729729 0.2197 -6.6829 1.0861 0 0 0 0
1692361955.6809497 0.3105 -6.7233 1.0899 0 0 0 0
1692361955.808943 0.3668 -6.736 1.0925 0 0 0 0
1692361955.9529052 0.4584 -6.7624 1.0991 0 0 0 0
1692361956.1449146 0.498 -6.7792 1.0972 0 0 0 0
1692361956.336824 0.5816 -6.8055 1.1019 0 0 0 0
1692361956.5447617 0.6291 -6.8131 1.1014 0 0 0 0
1692361956.6727777 0.726 -6.8329 1.1036 0 0 0 0
1692361956.8487563 0.8076 -6.8443 1.1081 0 0 0 0
1692361956.9607065 0.8076 -6.8443 1.1081 0 0 0 0
1692361957.6005936 1.0843 -6.8573 1.1046 0 0 0 0
1692361957.71258 1.1632 -6.8417 1.1117 0 0 0 0
1692361957.8725111 1.2055 -6.8295 1.1075 0 0 0 0
1692361958.2725155 1.3324 -6.7551 1.1108 0 0 0 0
1692361958.4164777 1.3725 -6.74 1.1113 0 0 0 0
1692361958.5764508 1.4139 -6.7216 1.1074 0 0 0 0
1692361958.7364397 1.5168 -6.6811 1.1124 0 0 0 0
1692361958.848457 1.5168 -6.6811 1.1124 0 0 0 0
1692361959.0883613 1.5887 -6.6387 1.1116 0 0 0 0
1692361959.2963006 1.6704 -6.5963 1.1115 0 0 0 0
1692361959.44029 1.7612 -6.5582 1.1137 0 0 0 0
1692361959.5363212 1.7612 -6.5582 1.1137 0 0 0 0
1692361959.6642346 1.8488 -6.5127 1.114 0 0 0 0
1692361959.8562784 1.8888 -6.4895 1.1143 0 0 0 0
1692361960.0160203 1.9179 -6.4792 1.111 0 0 0 0
1692361960.591936 2.1567 -6.3544 1.1151 0 0 0 0
1692361960.8159063 2.2278 -6.3174 1.1163 0 0 0 0
1692361961.0238285 2.2639 -6.2985 1.1165 0 0 0 0
1692361961.2957706 2.396 -6.2248 1.1218 0 0 0 0
1692361961.5357735 2.4757 -6.1889 1.1218 0 0 0 0
1692361961.6636956 2.5119 -6.169 1.1215 0 0 0 0
1692361961.8076904 2.5468 -6.1441 1.1215 0 0 0 0
1692361961.9357147 2.6108 -6.0894 1.124 0 0 0 0
1692361962.1117723 2.6379 -6.0521 1.1251 0 0 0 0
1692361962.223764 2.6688 -6.0178 1.1236 0 0 0 0
1692361962.3997033 2.7017 -5.9386 1.1256 0 0 0 0
1692361962.6236737 2.7358 -5.8295 1.1269 0 0 0 0
1692361962.8316298 2.746 -5.7945 1.1299 0 0 0 0
1692361962.9756243 2.7502 -5.7166 1.1262 0 0 0 0
1692361963.2475324 2.7522 -5.6173 1.123 0 0 0 0
1692361963.4394982 2.7458 -5.5314 1.1223 0 0 0 0
1692361963.5835063 2.7326 -5.4505 1.1188 0 0 0 0
1692361963.71142 2.7277 -5.3942 1.119 0 0 0 0
1692361963.9034212 2.7214 -5.3386 1.1117 0 0 0 0
1692361964.0313349 2.723 -5.2918 1.1144 0 0 0 0
1692361964.2710986 2.7177 -5.2183 1.1159 0 0 0 0
1692361964.4470975 2.7133 -5.1686 1.115 0 0 0 0
1692361964.5910828 2.7133 -5.1686 1.115 0 0 0 0
1692361964.735036 2.7138 -5.1807 1.1116 0 0 0 0
1692361964.9430408 2.7129 -5.1368 1.1128 0 0 0 0
1692361965.1510563 2.7104 -5.0671 1.112 0 0 0 0
1692361965.2790215 2.7131 -5.0329 1.1145 0 0 0 0
1692361965.454957 2.7158 -5.0029 1.1144 0 0 0 0
1692361965.662997 2.7241 -4.9674 1.1147 0 0 0 0
1692361965.838952 2.7549 -4.9279 1.1164 0 0 0 0
1692361965.9829357 2.7692 -4.9118 1.1149 0 0 0 0
1692361966.254886 2.7968 -4.8826 1.1121 0 0 0 0
1692361966.4308891 2.8818 -4.8461 1.1208 0 0 0 0
1692361966.622875 2.8932 -4.8434 1.1216 0 0 0 0
1692361966.750832 2.8796 -4.8469 1.1193 0 0 0 0
1692361967.006792 2.8758 -4.8462 1.1185 0 0 0 0
1692361967.3106508 2.8759 -4.8469 1.1186 0 0 0 0
1692361967.4705913 2.8811 -4.8451 1.1189 0 0 0 0
1692361967.630591 2.9009 -4.8422 1.1208 0 0 0 0
1692361967.838591 2.9109 -4.84 1.1207 0 0 0 0
1692361967.9825945 2.9175 -4.8388 1.1205 0 0 0 0
1692361968.1105473 2.9271 -4.8392 1.1199 0 0 0 0
1692361968.350284 2.9551 -4.8565 1.1234 0 0 0 0
1692361968.5422745 2.9668 -4.8642 1.1222 0 0 0 0
1692361968.638236 2.9881 -4.882 1.1239 0 0 0 0
1692361968.8301606 3.0274 -4.9166 1.1232 0 0 0 0
1692361969.0381274 3.0805 -5.0002 1.1291 0 0 0 0
1692361969.3262892 3.1099 -5.0657 1.124 0 0 0 0
1692361969.534197 3.1544 -5.1531 1.1278 0 0 0 0
1692361969.6941843 3.2061 -5.2273 1.1315 0 0 0 0
1692361969.8701437 3.2061 -5.2273 1.1315 0 0 0 0
1692361970.030152 3.2369 -5.2985 1.1313 0 0 0 0
1692361970.1581073 3.2795 -5.3895 1.1315 0 0 0 0
1692361970.414118 3.3118 -5.46 1.134 0 0 0 0
1692361970.6061006 3.3472 -5.5271 1.1343 0 0 0 0
1692361970.8620386 3.3751 -5.5728 1.1376 0 0 0 0
1692361970.9900074 3.3751 -5.5728 1.1376 0 0 0 0
1692361971.1660326 3.3735 -5.5672 1.1364 0 0 0 0
1692361971.309996 3.3803 -5.5876 1.1375 0 0 0 0
1692361971.5659068 3.3858 -5.6046 1.1377 0 0 0 0
1692361971.7259195 3.3895 -5.6354 1.1392 0 0 0 0
1692361971.8858414 3.3776 -5.6791 1.1422 0 0 0 0
1692361972.0138595 3.3776 -5.6791 1.1422 0 0 0 0
1692361972.125836 3.3398 -5.7575 1.1458 0 0 0 0
1692361972.3337069 3.3258 -5.8188 1.1475 0 0 0 0
1692361972.8776212 3.2194 -6.0587 1.1441 0 0 0 0
1692361973.1495888 3.1963 -6.0956 1.1408 0 0 0 0
1692361973.325542 3.1672 -6.2009 1.147 0 0 0 0
1692361973.4535246 3.1638 -6.2377 1.1457 0 0 0 0
1692361973.6454532 3.1574 -6.3283 1.1441 0 0 0 0
1692361973.837428 3.1645 -6.3898 1.147 0 0 0 0
1692361973.9494069 3.2003 -6.5072 1.1518 0 0 0 0
1692361974.093413 3.2076 -6.5503 1.1449 0 0 0 0
1692361974.2532969 3.2289 -6.5876 1.1439 0 0 0 0
1692361974.4452658 3.2975 -6.6539 1.1474 0 0 0 0
1692361974.6372275 3.349 -6.6981 1.1446 0 0 0 0
1692361974.7811885 3.349 -6.6981 1.1446 0 0 0 0
1692361974.9091506 3.3721 -6.7056 1.1469 0 0 0 0
1692361975.197091 3.465 -6.7396 1.1526 0 0 0 0
1692361975.3571436 3.5093 -6.7477 1.1491 0 0 0 0
1692361975.5331264 3.5371 -6.7519 1.1493 0 0 0 0
1692361975.661086 3.6028 -6.7837 1.1517 0 0 0 0
1692361975.8210542 3.6258 -6.7853 1.1481 0 0 0 0
1692361976.045021 3.6598 -6.8126 1.1481 0 0 0 0
1692361976.1729894 3.7487 -6.8962 1.1384 0 0 0 0
1692361976.3809533 3.763 -6.913 1.1362 0 0 0 0
1692361976.5409186 3.8038 -6.9661 1.1304 0 0 0 0
1692361976.7168765 3.8673 -7.0549 1.1284 0 0 0 0
1692361976.9248536 3.8926 -7.0857 1.1287 0 0 0 0
1692361977.148838 3.9159 -7.1357 1.1313 0 0 0 0
1692361977.276798 3.9159 -7.1357 1.1313 0 0 0 0
1692361977.420817 3.9765 -7.2256 1.1235 0 0 0 0
1692361977.5967858 3.991 -7.2625 1.1208 0 0 0 0
1692361977.676743 4.0117 -7.319 1.1165 0 0 0 0
1692361977.852734 4.0435 -7.3995 1.106 0 0 0 0
1692361978.0127268 4.0507 -7.4246 1.103 0 0 0 0
1692361978.204669 4.0491 -7.4228 1.1027 0 0 0 0
1692361978.4444728 4.0491 -7.4228 1.1027 0 0 0 0
1692361978.604446 4.0626 -7.4514 1.1001 0 0 0 0
1692361978.812395 4.0742 -7.4801 1.0971 0 0 0 0
1692361978.940207 4.0835 -7.5117 1.0934 0 0 0 0
1692361979.2283292 4.0866 -7.5468 1.0902 0 0 0 0
1692361979.3561792 4.0816 -7.5733 1.0903 0 0 0 0
1692361979.5001388 4.0785 -7.5852 1.0897 0 0 0 0
1692361979.6761112 4.0725 -7.5961 1.0897 0 0 0 0
1692361979.8520584 4.0626 -7.6117 1.0878 0 0 0 0
1692361980.0440106 4.0341 -7.6483 1.0805 0 0 0 0
1692361980.2360277 3.9647 -7.6936 1.0816 0 0 0 0
1692361980.4759133 3.8818 -7.7499 1.0757 0 0 0 0
1692361980.651904 3.7989 -7.7915 1.0774 0 0 0 0
1692361980.8278508 3.7658 -7.8147 1.0746 0 0 0 0
1692361980.971828 3.6855 -7.8498 1.0691 0 0 0 0
1692361981.2757576 3.6127 -7.8854 1.0638 0 0 0 0
1692361981.4678907 3.5418 -7.9215 1.0619 0 0 0 0
1692361981.6598375 3.456 -7.9677 1.0548 0 0 0 0
1692361981.8998272 3.3896 -7.9963 1.0531 0 0 0 0
1692361982.0597806 3.3896 -7.9963 1.0531 0 0 0 0
1692361982.187741 3.2945 -8.0425 1.0503 0 0 0 0
1692361982.3317254 3.2185 -8.089 1.0479 0 0 0 0
1692361982.5393684 3.179 -8.1038 1.0454 0 0 0 0
1692361982.6993482 3.099 -8.1379 1.0391 0 0 0 0
1692361982.8912752 3.0387 -8.1651 1.035 0 0 0 0
1692361983.1152573 3.0007 -8.1805 1.0328 0 0 0 0
1692361983.3232653 2.9312 -8.2179 1.0268 0 0 0 0
1692361983.4995384 2.8625 -8.2564 1.0259 0 0 0 0
1692361983.6754885 2.8221 -8.2809 1.0265 0 0 0 0
1692361983.8994722 2.7438 -8.3105 1.0273 0 0 0 0
1692361984.1074386 2.7091 -8.3267 1.027 0 0 0 0
1692361984.2354093 2.6292 -8.363 1.0285 0 0 0 0
1692361984.4273417 2.5486 -8.4089 1.0282 0 0 0 0
1692361984.6193829 2.5141 -8.4258 1.029 0 0 0 0
1692361985.163315 2.2641 -8.5187 1.0277 0 0 0 0
1692361985.323273 2.221 -8.5286 1.027 0 0 0 0
1692361985.547199 2.1878 -8.5416 1.0259 0 0 0 0
1692361985.6911478 2.106 -8.5733 1.0233 0 0 0 0
1692361985.9311051 2.0272 -8.5848 1.0241 0 0 0 0
1692361986.1870604 1.9363 -8.6096 1.023 0 0 0 0
1692361986.3950334 1.8552 -8.6375 1.0251 0 0 0 0
1692361986.5547924 1.8129 -8.6529 1.0257 0 0 0 0
1692361986.7147765 1.7401 -8.6752 1.0251 0 0 0 0
1692361986.9066763 1.7031 -8.6849 1.027 0 0 0 0
1692361987.034712 1.652 -8.6925 1.0285 0 0 0 0
1692361987.2586637 1.5693 -8.7099 1.0284 0 0 0 0
1692361987.4506278 1.4962 -8.7254 1.0317 0 0 0 0
1692361987.6265826 1.4502 -8.7375 1.0327 0 0 0 0
1692361987.7517228 1.3674 -8.7641 1.0342 0 0 0 0
1692361987.9276834 1.3253 -8.7737 1.0364 0 0 0 0
1692361988.0716896 1.2765 -8.7855 1.0382 0 0 0 0
1692361988.2476456 1.2287 -8.7961 1.0402 0 0 0 0
1692361988.5035925 1.1162 -8.825 1.0406 0 0 0 0
1692361988.6315374 1.1162 -8.825 1.0406 0 0 0 0
1692361988.858553 1.0453 -8.8485 1.0369 0 0 0 0
1692361989.2904727 0.8109 -8.8986 1.0492 0 0 0 0
1692361989.418494 0.7739 -8.9043 1.0481 0 0 0 0
1692361989.6424153 0.6936 -8.9175 1.0482 0 0 0 0
1692361989.8184018 0.6123 -8.9327 1.0503 0 0 0 0
1692361990.0583797 0.5192 -8.9541 1.0517 0 0 0 0
1692361990.2663124 0.4756 -8.9607 1.0524 0 0 0 0
1692361990.410249 0.3953 -8.9703 1.0535 0 0 0 0
1692361990.55419 0.3953 -8.9703 1.0535 0 0 0 0
1692361990.7301192 0.3059 -8.9822 1.0534 0 0 0 0
1692361990.8740575 0.2562 -8.9954 1.0534 0 0 0 0
1692361991.130031 0.1745 -9.0059 1.0546 0 0 0 0
1692361991.3219612 0.1015 -9.0159 1.052 0 0 0 0
1692361991.577983 0.0185 -9.0236 1.0521 0 0 0 0
1692361991.7699475 -0.0672 -9.0339 1.0528 0 0 0 0
1692361991.913906 -0.1495 -9.0466 1.0534 0 0 0 0
1692361992.1378665 -0.231 -9.0567 1.054 0 0 0 0
1692361992.329838 -0.3245 -9.064 1.0512 0 0 0 0
1692361992.505788 -0.3648 -9.0679 1.0514 0 0 0 0
1692361992.6817386 -0.4019 -9.0712 1.0513 0 0 0 0
1692361992.8573618 -0.4868 -9.0689 1.0484 0 0 0 0
1692361993.0812798 -0.5664 -9.0751 1.0517 0 0 0 0
1692361993.2892747 -0.6473 -9.0933 1.0525 0 0 0 0
1692361993.4332457 -0.691 -9.1028 1.0517 0 0 0 0
1692361993.6092217 -0.7913 -9.1023 1.0554 0 0 0 0
1692361993.8489687 -0.8392 -9.0979 1.0582 0 0 0 0
1692361994.0409062 -0.9251 -9.1136 1.0603 0 0 0 0
1692361994.2168417 -0.9051 -9.1134 1.0584 0 0 0 0
1692361994.312833 -0.9051 -9.1134 1.0584 0 0 0 0
1692361994.4888306 -0.8977 -9.113 1.0579 0 0 0 0
1692361994.696746 -0.8995 -9.1134 1.058 0 0 0 0
1692361994.8892915 -0.8995 -9.1134 1.058 0 0 0 0
